[ActionChange]
A000="1_ø’ ÷±‰À¿∆Ô_240_1_1"
M000="0(1 12 16 0 1 16 1 1 16 2 1<86 16 3 2 16 4 1 16 5 2 16 0 1 16 1 1 16 2 1<86 16 3 1 16 4 1 16 5 2)"
A001="5_ƒ√µ∂±‰À¿∆Ô_240_1_1"
M001="0(1 12 16 0 1 16 1 1 16 2 1<86 16 3 2 16 4 1 16 5 2 16 0 1 16 1 1 16 2 1<86 16 3 1 16 4 1 16 5 2)"
A002="12_ƒ√∏´Õ∑±‰À¿∆Ô_240_1_1"
M002="0(1 12 16 0 1 16 1 1 16 2 1<86 16 3 2 16 4 1 16 5 2 16 0 1 16 1 1 16 2 1<86 16 3 1 16 4 1 16 5 2)"
A003="25_ƒ√√¨±‰À¿∆Ô_240_1_1"
M003="0(1 12 16 0 1 16 1 1 16 2 1<86 16 3 2 16 4 1 16 5 2 16 0 1 16 1 1 16 2 1<86 16 3 1 16 4 1 16 5 2)"
A004="41_ƒ√’»±‰À¿∆Ô_240_1_1"
M004="0(1 12 16 0 1 16 1 1 16 2 1<86 16 3 2 16 4 1 16 5 2 16 0 1 16 1 1 16 2 1<86 16 3 1 16 4 1 16 5 2)"
A005="47_ÿ∞ ◊±‰À¿∆Ô_240_1_1"
M005="0(1 12 16 0 1 16 1 1 16 2 1<86 16 3 2 16 4 1 16 5 2 16 0 1 16 1 1 16 2 1<86 16 3 1 16 4 1 16 5 2)"
A006="51_À´ ÷Ω£±‰À¿∆Ô_240_1_1"
M006="0(1 12 16 0 1 16 1 1 16 2 1<86 16 3 2 16 4 1 16 5 2 16 0 1 16 1 1 16 2 1<86 16 3 1 16 4 1 16 5 2)"
A007="55_À´µ∂±‰À¿∆Ô_240_1_1"
M007="0(1 12 16 0 1 16 1 1 16 2 1<86 16 3 2 16 4 1 16 5 2 16 0 1 16 1 1 16 2 1<86 16 3 1 16 4 1 16 5 2)"
A008="59_÷ª◊¶±‰À¿∆Ô_240_1_1"
M008="0(1 12 16 0 1 16 1 1 16 2 1<86 16 3 2 16 4 1 16 5 2 16 0 1 16 1 1 16 2 1<86 16 3 1 16 4 1 16 5 2)"
A009="21_ƒ√π≠±‰“¯π‚—≤ ÿ_3145_21_1"
M009="0(1 14 8 0 1 16 0 1 16 1 1 16 2 1<1555 16 3 1 16 4 2 16 5 2 8 0 1 16 0 1 16 1 1 16 2 1<1555 16 3 3 16 4 2 16 5 2)"
