#0王子残影
"空手01攻击_362_S_700=3225 0 1 14 0 0 1 16 0 1 16 1 1 16 2 2 16 3 1[1539 16 4 2 16 5 2 0 0 1 16 0 1 16 1 1 16 2 2 16 3 1[1539 16 4 2 16 5 2 101 3226 102 10"
"拿剑05攻击_363_S_700=3225 0 1 12 104 0 2 120 0 2 120 1 2 120 2 2[248[703[701 120 3 2 120 4 2 104 0 2 120 0 2 120 1 2 120 2 2[248[703[701 120 3 2 120 4 2 101 3226 102 10"
"斧头12攻击_364_S_700=3225 0 1 12 232 0 1 248 0 2 248 1 2 248 2 2 248 3 2[249[255 248 4 2 232 0 1 248 0 2 48 1 2 248 2 2 248 3 2[249[255 248 4 2 101 3226 102 10"
"拿弓21攻击_365_S_700=3225 0 1 20 200 0 1 216 0 2 216 1 1[13 216 2 2 216 3 1 216 4 2 216 5 1 216 6 2 216 7 1 216 8 2 200 0 1 216 0 2 216 1 1[13 216 2 2 216 3 1 216 4 2 216 5 1 216 6 2 216 7 1 216 8 2 101 3226 102 10"
"拿矛25攻击_366_S_700=3225 0 1 16 168 0 1 184 0 2 184 1 2 184 2 3 184 3 2[255[1540 184 4 2 184 5 3 184 6 2 168 0 1 184 0 2 184 1 2 184 2 3 184 3 2[255[1540 184 4 2 184 5 3 184 6 2 101 3226 102 10"
"拿杖41攻击_367_S_700=3225 0 1 12 232 0 1 248 0 1 248 1 1 248 2 1 248 3 1[249[255 248 4 1 232 0 1 248 0 1 248 1 1 248 2 1 248 3 1[249[255 248 4 1 101 3226 102 10"
"匕首47攻击_368_S_700=3225 0 1 14 136 0 1 152 0 2 152 1 3 152 2 2 152 3 3[1513[1517 152 4 2 152 5 2 136 0 1 152 0 2 152 1 3 152 2 2 152 3 3[1513[1517 152 4 2 152 5 3 101 3226 102 10"
"双手51攻击_369_S_700=3225 0 1 16 264 0 1 280 0 1 280 1 2 280 2 2 280 3 2[1540[1541 280 4 2 280 5 2 280 6 2 264 0 1 280 0 1 280 1 2 280 2 2 280 3 2[1540[1541 280 4 2 280 5 2 280 6 2 101 3226 102 10"
"有向18魔法_370_S_700=3225 0 1 2 32 0 1 32 8 1 101 3226 102 10"
"无向19魔法_371_S_700=3225 0 1 2 40 0 1 40 8 1 101 3226 102 10"
#1公主残影
"空手01攻击_372_S_700=3227 0 1 16 0 0 1 16 0 1 16 1 1 16 2 2 16 3 1 16 4 1[246 16 5 1 16 6 2 0 0 1 16 0 1 16 1 1 16 2 2 16 3 1 16 4 1[246 16 5 1 16 6 2 101 3228 102 10"
"拿剑05攻击_373_S_700=3227 0 1 14 176 0 2 192 0 1 192 1 2 192 2 1 192 3 2[248[703[701 192 4 1 192 5 2 176 0 2 192 0 1 192 1 2 192 2 1 192 3 2[248[703[701 192 4 1 192 5 2 101 3228 102 10"
"斧头12攻击_374_S_700=3227 0 1 14 144 0 1 160 0 2 160 1 2 160 2 2 160 3 1[249[255 160 4 2 160 5 1 144 0 1 160 0 2 160 1 2 160 2 2 160 3 1[249[255 160 4 2 160 5 1 101 3228 102 10"
"拿弓21攻击_376_S_700=3227 0 1 20 272 0 1 288 0 2 288 1 1[13 288 2 2 288 3 1 288 4 2 288 5 1 288 6 2 288 7 1 288 8 2 272 0 1 288 0 2 288 1 1[13 288 2 2 288 3 1 288 4 2 288 5 1 288 6 2 288 7 1 288 8 2 101 3228 102 10"
"拿矛25攻击_377_S_700=3227 0 1 16 208 0 2 224 0 2 224 1 1 224 2 1 224 3 1[255[1540 224 4 1 224 5 1 224 6 1 208 0 2 224 0 2 224 1 1 224 2 1 224 3 1[255[1540 224 4 1 224 5 1 224 6 2 101 3228 102 10"
"拿杖41攻击_379_S_700=3227 0 1 14 144 0 1 160 0 1 160 1 1 160 2 1 160 3 1[249[255 160 4 1 160 5 1 144 0 1 160 0 1 160 1 1 160 2 1 160 3 1[249[255 160 4 1 160 5 1 101 3228 102 10"
"匕首47攻击_380_S_700=3227 0 1 14 176 0 1 192 0 2 192 1 1 192 2 2 192 3 1[1513[1517 192 4 2 192 5 1 176 0 1 192 0 2 192 1 1 192 2 2 192 3 1[1513[1517 192 4 2 192 5 2 101 3228 102 10"
"双手51攻击_384_S_700=3227 0 1 16 240 0 1 256 0 2 256 1 1 256 2 2 256 3 2[1540[1541 256 4 2 256 5 2 256 6 2 240 0 1 256 0 2 256 1 1 256 2 2 256 3 2[1540[1541 256 4 2 256 5 2 256 6 2 101 3228 102 10"
"有向18魔法_385_S_700=3227 0 1 2 32 0 1 32 8 1 101 3228 102 10"
"无向19魔法_386_S_700=3227 0 1 2 40 0 1 40 8 1 101 3228 102 10"
#37女妖精残影
"空手01攻击_387_S_700=3474 0 1 18 0 0 2 16 0 1 16 1 1 16 2 1 16 3 1[1562 16 4 1 16 5 1 16 6 1 16 7 1 0 0 1 16 0 1 16 1 1 16 2 1 16 3 1[1562 16 4 1 16 5 1 16 6 1 16 7 1 101 3475 102 10"
"拿剑05攻击_388_S_700=3474 0 1 18 168 0 2 184 0 1 184 1 1 184 2 1 184 3 1 184 4 1[248[703[701 184 5 1 184 6 1 184 7 2 168 0 1 184 0 1 184 1 1 184 2 1 184 3 1 184 4 1[248[703[701 184 5 1 184 6 1 184 7 2 101 3475 102 10"
"斧头12攻击_389_S_700=3474 0 1 16 200 0 2 216 0 2 216 1 2 216 2 1 216 3 2[249[255 216 4 1 216 5 2 216 6 2 200 0 2 216 0 2 216 1 2 216 2 1 216 3 2[249[255 216 4 1 216 5 2 216 6 2 101 3475 102 10"
"拿弓21攻击_390_S_700=3474 0 1 18 104 0 1 120 0 1 120 1 1 120 2 2 120 3 2<1555 120 4 1 120 5 1 120 6 1 120 7 2 104 0 1 120 0 1 120 1 1 120 2 2 120 3 2<1555 120 4 1 120 5 1 120 6 1 120 7 2 101 3475 102 10"
"拿矛25攻击_391_S_700=3474 0 1 18 232 0 2 248 0 1 248 1 2 248 2 1 248 3 2[255[1540 248 4 1 248 5 2 248 6 1 248 7 2 232 0 2 248 0 1 248 1 2 248 2 1 248 3 2[255[1540 248 4 1 248 5 2 248 6 1 248 7 2 101 3475 102 10"
"拿杖41攻击_392_S_700=3474 0 1 16 200 0 1 216 0 1 216 1 1 216 2 1 216 3 1[249[255 216 4 1 216 5 1 216 6 1 200 0 1 216 0 1 216 1 1 216 2 1 216 3 1[249[255 216 4 1 216 5 1 216 6 1 101 3475 102 10"
"匕首47攻击_393_S_700=3474 0 1 16 136 0 2 152 0 1 152 1 1 152 2 1 152 3 1[1513[1517 152 4 1 152 5 1 152 6 2 136 0 1 152 0 1 152 1 1 152 2 1 152 3 1[1513[1517 152 4 1 152 5 1 152 6 2 101 3475 102 10"
"有向18魔法_394_S_700=3474 0 1 2 40 0 1 40 10 1 101 3475 102 10"
"无向19魔法_395_S_700=3474 0 1 2 48 0 1 48 9 1 101 3475 102 10"
#48女骑残影
"空手01攻击_396_S_700=3215 0 1 16 0 0 1 16 0 1 16 1 1 16 2 1 16 3 1[1575 16 4 1 16 5 2 16 6 2 0 0 1 16 0 1 16 1 1 16 2 1 16 3 1[1575 16 4 1 16 5 2 16 6 2 101 3216 102 10"
"拿剑05攻击_397_S_700=3215 0 1 14 176 0 2 192 0 1 192 1 2 192 2 1 192 3 2[248[703[701 192 4 1 192 5 2 176 0 2 192 0 1 192 1 2 192 2 1 192 3 2[248[703[701 192 4 1 192 5 2 101 3216 102 10"
"斧头12攻击_398_S_700=3215 0 1 18 216 0 1 232 0 1 232 1 1 232 2 1 232 3 1 232 4 1[249[255 232 5 2 232 6 2 232 7 2 216 0 1 232 0 1 232 1 1 232 2 1 232 3 1 232 4 1[249[255 232 5 2 232 6 2 232 7 2 101 3216 102 10"
"拿弓21攻击_400_S_700=3215 0 1 22 248 0 1 264 0 1 264 1 1[13 264 2 1 264 3 2 264 4 2 264 5 2 264 6 2 264 7 2 264 8 2 264 9 2 248 0 1 264 0 1 264 1 1[13 264 2 1 264 3 2 264 4 2 264 5 2 264 6 2 264 7 2 264 8 2 264 9 2 101 3216 102 10"
"拿矛25攻击_401_S_700=3215 0 1 20 280 0 2 296 0 1 296 1 1 296 2 1 296 3 1[255[1540 296 4 1 296 5 1 296 6 1 296 7 1 296 8 1 280 0 1 296 0 1 296 1 1 296 2 1 296 3 1[255[1540 296 4 1 296 5 1 296 6 1 296 7 1 296 8 1 101 3216 102 10"
"拿杖41攻击_402_S_700=3215 0 1 18 216 0 2 232 0 2 232 1 2 232 2 1 232 3 1 232 4 1[249[255 232 5 1 232 6 1 232 7 1 216 0 2 232 0 2 232 1 2 232 2 1 232 3 1 232 4 1[249[255 232 5 1 232 6 1 232 7 1 101 3216 102 10"
"匕首47攻击_403_S_700=3215 0 1 12 144 0 2 160 0 1 160 1 2 160 2 2[1513[1517 160 3 2 160 4 2 144 0 1 160 0 1 160 1 2 160 2 2[1513[1517 160 3 2 160 4 2 101 3216 102 10"
"双手51攻击_404_S_700=3215 0 1 20 104 0 2 120 0 2 120 1 1 120 2 1 120 3 1[1540[1541 120 4 1 120 5 1 120 6 1 120 7 1 120 8 1 104 0 2 120 0 2 120 1 2 120 2 1 120 3 1[1540[1541 120 4 1 120 5 1 120 6 1 120 7 1 120 8 1 101 3216 102 10"
"有向18魔法_405_S_700=3215 0 1 2 48 0 1 48 13 1 101 3216 102 10"
"无向19魔法_406_S_700=3215 0 1 2 40 0 1 40 12 1 101 3216 102 10"
#61男骑残影
"空手01攻击_407_S_700=3213 0 1 12 0 0 2 16 0 2 16 1 2 16 2 2[1569 16 3 1 16 4 1 0 0 2 16 0 2 16 1 2 16 2 2[1569 16 3 1 16 4 1 101 3214 102 10"
"拿剑05攻击_408_S_700=3213 0 1 14 168 0 2 184 0 2 184 1 2 184 2 2 184 3 1[248[703[701 184 4 1 184 5 1 168 0 2 184 0 2 184 1 2 184 2 2 184 3 1[248[703[701 184 4 1 184 5 1 101 3214 102 10"
"斧头12攻击_409_S_700=3213 0 1 16 200 0 2 216 0 2 216 1 2 216 2 2 216 3 1 216 4 1[249[255 216 5 1 216 6 1 200 0 2 216 0 2 216 1 2 216 2 2 216 3 1 216 4 1[249[255 216 5 1 216 6 1 101 3214 102 10"
"拿弓21攻击_410_S_700=3213 0 1 22 232 0 2 248 0 2 248 1 2[13 248 2 2 248 3 2 248 4 2 248 5 2 248 6 1 248 7 1 248 8 1 248 9 1 232 0 2 248 0 2 248 1 2[13 248 2 2 248 3 2 248 4 2 248 5 2 248 6 1 248 7 1 248 8 1 248 9 1 101 3214 102 10"
"拿矛25攻击_411_S_700=3213 0 1 16 264 0 2 280 0 2 280 1 1 280 2 1 280 3 1[255[1540 280 4 1 280 5 1 280 6 1 264 0 2 280 0 2 280 1 2 280 2 1 280 3 1[255[1540 280 4 1 280 5 1 280 6 1 101 3214 102 10"
"拿杖41攻击_412_S_700=3213 0 1 16 200 0 2 216 0 2 216 1 2 216 2 2 216 3 1 216 4 1[249[255 216 5 1 216 6 1 200 0 2 216 0 2 216 1 2 216 2 2 216 3 1 216 4 1[249[255 216 5 1 216 6 1 101 3214 102 10"
"匕首47攻击_413_S_700=3213 0 1 12 136 0 2 152 0 2 152 1 2 152 2 2[1513[1517 152 3 2 152 4 1 136 0 2 152 0 2 152 1 2 152 2 2[1513[1517 152 3 1 152 4 1 101 3214 102 10"
"双手51攻击_414_S_700=3213 0 1 16 104 0 2 120 0 2 120 1 2 120 2 2 120 3 1[1540[1541 120 4 1 120 5 1 120 6 1 104 0 2 120 0 2 120 1 2 120 2 2 120 3 2[1540[1541 120 4 1 120 5 1 120 6 1 101 3214 102 10"
"有向18魔法_415_S_700=3213 0 1 2 48 0 1 48 9 1 101 3214 102 10"
"无向19魔法_416_S_700=3213 0 1 2 40 0 1 40 11 1 101 3214 102 10"
#138男妖残影
"空手01攻击_417_S_700=3217 0 1 12 0 0 2 48 0 2 48 1 2 48 2 1[1554 48 3 1 48 4 1 0 0 2 48 0 2 48 1 2 48 2 2[1554 48 3 1 48 4 1 101 3218 102 10"
"拿剑05攻击_418_S_700=3217 0 1 16 168 0 1 184 0 1 184 1 1 184 2 1 184 3 1[248[703[701 184 4 1 184 5 2 184 6 2 168 0 1 184 0 1 184 1 1 184 2 1 184 3 1[248[703[701 184 4 2 184 5 2 184 6 2 101 3218 102 10"
"斧头12攻击_419_S_700=3217 0 1 16 200 0 2 216 0 2 216 1 2 216 2 2 216 3 2[249[255 216 4 1 216 5 1 216 6 1 200 0 2 216 0 2 216 1 2 216 2 2 216 3 2[249[255 216 4 1 216 5 1 216 6 1 101 3218 102 10"
"拿弓21攻击_420_S_700=3217 0 1 18 104 0 2 120 0 2 120 1 1 120 2 1 120 3 1<1555 120 4 1 120 5 1 120 6 1 120 7 2 104 0 2 120 0 2 120 1 1 120 2 1 120 3 1<1555 120 4 1 120 5 1 120 6 1 120 7 2 101 3218 102 10"
"拿矛25攻击_421_S_700=3217 0 1 16 232 0 2 248 0 2 248 1 2 248 2 2 248 3 2[255[1540 248 4 1 248 5 1 248 6 1 232 0 2 248 0 2 248 1 2 248 2 2 248 3 2[255[1540 248 4 1 248 5 1 248 6 1 101 3218 102 10"
"拿杖41攻击_422_S_700=3217 0 1 16 200 0 2 216 0 2 216 1 2 216 2 2 216 3 2[249[255 216 4 1 216 5 1 216 6 1 200 0 2 216 0 2 216 1 2 216 2 2 216 3 2[249[255 216 4 1 216 5 1 216 6 1 101 3218 102 10"
"匕首47攻击_423_S_700=3217 0 1 16 136 0 2 152 0 1 152 1 1 152 2 1 152 3 1[1513[1517 152 4 1 152 5 1 152 6 1 136 0 2 152 0 2 152 1 1 152 2 1 152 3 1[1513[1517 152 4 1 152 5 1 152 6 1 101 3218 102 10"
"有向18魔法_424_S_700=3217 0 1 2 0 0 1 72 7 1 101 3218 102 10"
"无向19魔法_425_S_700=3217 0 1 2 0 0 1 80 8 1 101 3218 102 10"
#734男法残影
"空手01攻击_426_S_700=3476 0 1 16 0 0 2 16 0 2 16 1 2 16 2 1 16 3 1[1582 16 4 1 16 5 1 16 6 1 0 0 2 16 0 2 16 1 2 16 2 1 16 3 1[1582 16 4 1 16 5 1 16 6 1 101 3477 102 10"
"拿剑05攻击_427_S_700=3476 0 1 16 104 0 2 120 0 2 120 1 2 120 2 2 120 3 2[248[703[701 120 4 2 120 5 2 120 6 2 104 0 2 120 0 1 120 1 1 120 2 1 120 3 1[248[703[701 120 4 1 120 5 1 120 6 1 101 3477 102 10"
"斧头12攻击_428_S_700=3476 0 1 22 272 0 2 288 0 2 288 1 2 288 2 1 288 3 1 288 4 1[249[255 288 5 1 288 6 1 288 7 1 288 8 1 288 9 1 272 0 2 288 0 2 288 1 2 288 2 1 288 3 1 288 4 1[249[255 288 5 1 288 6 1 288 7 1 288 8 1 288 9 1 101 3477 102 10"
"拿弓21攻击_429_S_700=3476 0 1 18 176 0 3 192 0 3 192 1 3[13 192 2 3 192 3 2 192 4 2 192 5 2 192 6 2 192 7 2 176 0 3 192 0 3 192 1 2[13 192 2 2 192 3 2 192 4 2 192 5 2 192 6 2 192 7 2 101 3477 102 10"
"拿矛25攻击_430_S_700=3476 0 1 22 240 0 2 256 0 2 256 1 2 256 2 1 256 3 1[255[1540 256 4 1 256 5 1 256 6 1 256 7 1 256 8 1 256 9 1 240 0 2 256 0 2 256 1 2 256 2 1 256 3 1[255[1540 256 4 1 256 5 1 256 6 1 256 7 1 256 8 1 256 9 1 101 3477 102 10"
"拿杖41攻击_431_S_700=3476 0 1 22 144 0 2 160 0 2 160 1 2 160 2 1 160 3 1[255[1540 160 4 1 160 5 1 160 6 1 160 7 1 160 8 1 160 9 1 144 0 2 160 0 2 160 1 2 160 2 1 160 3 1[255[1540 160 4 1 160 5 1 160 6 1 160 7 1 160 8 1 160 9 1 101 3477 102 10"
"匕首47攻击_432_S_700=3476 0 1 14 72 0 1 88 0 1 88 1 1 88 2 2 88 3 2[1513[1517 88 4 2 88 5 2 72 0 1 88 0 1 88 1 2 88 2 2 88 3 2[1513[1517 88 4 2 88 5 2 101 3477 102 10"
"有向18魔法_433_S_700=3476 0 1 2 0 0 1 56 10 1 101 3477 102 10"
"无向19魔法_434_S_700=3476 0 1 2 0 0 1 64 11 1 101 3477 102 10"
#1186女法残影
"空手01攻击_435_S_700=3221 0 1 14 0 0 1 16 0 1 16 1 1 16 2 2 16 3 2[246 16 4 2 16 5 2 0 0 1 16 0 1 16 1 1 16 2 2 16 3 2[246 16 4 2 16 5 2 101 3222 102 10"
"拿剑05攻击_436_S_700=3221 0 1 16 168 0 1 184 0 1 184 1 1 184 2 1 184 3 2 184 4 2[248[703[701 184 5 2 184 6 2 168 0 1 184 0 1 184 1 1 184 2 2 184 3 2 184 4 2[248[703[701 184 5 2 184 6 2 101 3222 102 10"
"斧头12攻击_437_S_700=3221 0 1 16 264 0 2 280 0 2 280 1 2 280 2 2 280 3 2 280 4 2[249[255 280 5 1 280 6 1 264 0 2 280 0 2 280 1 2 280 2 2 280 3 2 280 4 2[249[255 280 5 1 280 6 1 101 3222 102 10"
"拿弓21攻击_438_S_700=3221 0 1 24 232 0 2 248 0 2 248 1 2[13 248 2 2 248 3 2 248 4 2 248 5 2 248 6 2 248 7 2 248 8 1 248 9 1 248 10 1 232 0 2 248 0 2 248 1 2[13 248 2 2 248 3 2 248 4 2 248 5 2 248 6 2 248 7 2 248 8 1 248 9 1 248 10 1 101 3222 102 10"
"拿矛25攻击_439_S_700=3221 0 1 18 200 0 2 216 0 2 216 1 2 216 2 2 216 3 2 216 4 1[255[1540 216 5 1 216 6 1 216 7 1 200 0 2 216 0 2 216 1 2 216 2 2 216 3 2 216 4 1[255[1540 216 5 1 216 6 1 216 7 1 101 3222 102 10"
"拿杖41攻击_440_S_700=3221 0 1 18 104 0 2 120 0 2 120 1 2 120 2 2 120 3 2 120 4 1[255[1540 120 5 1 120 6 1 120 7 1 104 0 2 120 0 2 120 1 2 120 2 2 120 3 2 120 4 1[255[1540 120 5 1 120 6 1 120 7 1 101 3222 102 10"
"匕首47攻击_441_S_700=3221 0 1 16 136 0 2 152 0 2 152 1 2 152 2 2 152 3 1 152 4 1[1513[1517 152 5 1 152 6 1 136 0 2 152 0 2 152 1 2 152 2 1 152 3 1 152 4 1[1513[1517 152 5 1 152 6 1 101 3222 102 10"
"有向18魔法_452_S_700=3221 0 1 2 0 0 1 32 12 1 101 3222 102 10"
"无向19魔法_453_S_700=3221 0 1 2 0 0 1 40 11 1 101 3222 102 10"
#2786男黑妖残影
"空手01攻击_454_S_700=2786 0 1 16 0 0 2 16 0 2 16 1 1 16 2 1 16 3 1[1520 16 4 1 16 5 1 16 6 1 0 0 2 16 0 1 16 1 1 16 2 1 16 3 1[1520 16 4 1 16 5 1 16 6 1 101 2787 102 10"
"拿剑05攻击_455_S_700=2786 0 1 12 120 0 1 136 0 2 136 1 2 136 2 2[248[701 136 3 2 136 4 2 120 0 1 136 0 2 136 1 2 136 2 2[248[701 136 3 2 136 4 2 101 2787 102 10"
"斧头12攻击_456_S_700=2786 0 1 14 216 0 2 346 0 2 346 1 2 346 2 1 346 3 1[1519[1517 346 4 1 346 5 1 216 0 2 346 0 2 346 1 2 346 2 1 346 3 1[1519[1517 346 4 1 346 5 1 101 2787 102 10"
"拿弓21攻击_459_S_700=2786 0 1 16 152 0 1 168 0 1 168 1 2 168 2 2<461 168 3 2 168 4 2 168 5 2 168 6 2 152 0 1 168 0 1 168 1 2 168 2 2<461 168 3 2 168 4 2 168 5 2 168 6 2 101 2787 102 10"
"匕首47攻击_466_S_700=2786 0 1 12 88 0 2 104 0 2 104 1 2 104 2 1[901[902 104 3 1 104 4 1 88 0 2 104 0 2 104 1 1 104 2 1[901[902 104 3 1 104 4 1 101 2787 102 10"
"双刀55攻击_468_S_700=2786 0 1 18 184 0 1 200 0 1 200 1 1 200 2 2[1515[1516 200 3 2 200 4 2 200 5 2 200 6 1 200 7 1 184 0 1 200 0 1 200 1 1 200 2 2[1515[1516 200 3 2 200 4 2 200 5 2 200 6 1 200 7 1 101 2787 102 10"
"双爪59攻击_470_S_700=2786 0 1 14 216 0 1 232 0 1 232 1 1 232 2 1 232 3 1[1517[1518[1519 232 4 1 232 5 1 216 0 1 232 0 2 232 1 2 232 2 2 232 3 2[1517[1518[1519 232 4 2 232 5 2 101 2787 102 10"
"飞镖63攻击_472_S_700=2786 0 1 12 248 0 2 264 0 2 264 1 2 264 2 2[1513[1514 264 3 2 264 4 2 248 0 2 264 0 2 264 1 2 264 2 2[1513[1514 264 3 2 264 4 2 101 2787 102 10"
"有向18魔法_483_S_700=2786 0 1 2 8 0 1 40 7 1 101 2787 102 10"
"无向19魔法_487_S_700=2786 0 1 2 8 0 1 56 6 1 101 2787 102 10"
#2796女黑妖残影
"空手01攻击_488_S_700=2796 0 1 16 280 0 1 32 0 1 32 1 1 32 2 1 32 3 1[1520 32 4 1 32 5 1 32 6 1 280 0 1 32 0 1 32 1 1 32 2 1 32 3 2[1520 32 4 2 32 5 2 32 6 2 101 2797 102 10"
"拿剑05攻击_490_S_700=2796 0 1 12 296 0 1 136 0 2 136 1 2 136 2 2[248[701 136 3 2 136 4 2 296 0 2 136 0 2 136 1 2 136 2 2[248[701 136 3 2 136 4 2 101 2797 102 10"
"斧头12攻击_491_S_700=2796 0 1 14 320 0 2 336 0 2 336 1 2 336 2 2 336 3 2[1519[1517 336 4 1 336 5 1 320 0 2 336 0 2 336 1 2 336 2 2 336 3 2[1519[1517 336 4 1 336 5 1 101 2797 102 10"
"拿弓21攻击_494_S_700=2796 0 1 16 304 0 1 168 0 1 168 1 1 168 2 1[461 168 3 1 168 4 1 168 5 1 168 6 1 304 0 1 168 0 2 168 1 2 168 2 2[461 168 3 2 168 4 2 168 5 2 168 6 2 101 2797 102 10"
"匕首47攻击_495_S_700=2796 0 1 12 288 0 1 104 0 1 104 1 1 104 2 1[901[902 104 3 1 104 4 1 288 0 1 104 0 1 104 1 2 104 2 2[901[902 104 3 2 104 4 2 101 2797 102 10"
"双刀55攻击_496_S_700=2796 0 1 18 184 0 1 200 0 1 200 1 1 200 2 1[1524[1525 200 3 1 200 4 1 200 5 1 200 6 1 200 7 1 184 0 1 200 0 2 200 1 2 200 2 2[1524[1525 200 3 2 200 4 2 200 5 2 200 6 2 200 7 2 101 2797 102 10"
"双爪59攻击_498_S_700=2796 0 1 14 320 0 2 232 0 2 232 1 2 232 2 2 232 3 2[1517[1518[1519 232 4 1 232 5 1 320 0 1 232 0 1 232 1 1 232 2 1 232 3 1[1517[1518[1519 232 4 1 232 5 1 101 2797 102 10"
"飞镖63攻击_499_S_700=2796 0 1 12 328 0 2 264 0 2 264 1 2 264 2 2[1513 264 3 2 264 4 2 328 0 2 264 0 2 264 1 2 264 2 2[1513 264 3 2 264 4 2 101 2797 102 10"
"有向18魔法_502_S_700=2796 0 1 2 8 0 1 64 8 1 101 2797 102 10"
"无向19魔法_505_S_700=2796 0 1 2 8 0 1 72 12 1 101 2797 102 10"
#2374骷髅残影
"所有攻击_507_S_700=30 0 1 10 40 0 2 0 0 2[12 0 1 2 0 2 2 0 3 2 40 0 2 0 0 2[12 0 2 2 0 2 2 0 3 2 101 128 102 10"
"所有魔法_508_S_700=30 0 1 2 40 0 1 0 3 1 101 128 102 10"
#2378史巴托残影
"所有攻击_509_S_700=145 0 1 10 40 0 3 0 0 2 0 1 3 0 2 2[255 0 3 3 40 0 2 0 0 3 0 1 2 0 2 3[255 0 3 2 101 128 102 10"
"所有魔法_511_S_700=145 0 1 2 40 0 1 0 3 1 101 128 102 10"
#2323妖魔巡守
"所有攻击_512_S_700=790 0 1 10 8 0 3 24 0 2[1555 24 1 3 24 2 2 24 3 2 8 0 3 24 0 2[1555 24 1 3 24 2 2 24 3 2 101 791 102 10"
"所有魔法_513_S_700=790 0 1 2 8 0 1 24 3 1 101 791 102 10"
#2284黑暗妖精
"所有攻击_515_S_700=1125 0 1 18 24 0 2 8 0 1 8 1 1 8 2 1[491 8 3 1 8 4 1 8 5 1 8 6 1 8 7 1 24 0 1 8 0 1 8 1 1 8 2 1[491 8 3 1 8 4 1 8 5 1 8 6 1 8 7 1 101 1126 102 10"
"有向18魔法_516_S_700=1125 0 1 2 24 0 1 8 7 1 101 1126 102 10"
"无向19魔法_517_S_700=1125 0 1 2 24 0 1 16 12 1 101 1126 102 10"
#2384思克巴
"所有攻击_518_S_700=1112 0 1 12 8 0 2 16 0 2 16 1 2 16 2 2<268 16 3 2 16 4 2 8 0 2 16 0 2 16 1 2 16 2 2<268 16 3 2 16 4 2 101 1113 105 1 1114 102 10"
"所有魔法_519_S_700=1112 0 1 2 8 0 1 24 7 1 101 1113 105 1 1114 102 10"
#3101克特
"所有攻击_520_S_700=111 0 1 10 0 0 2 32 0 3[11 32 1 2 32 2 3 32 3 2 0 0 3 32 0 2[11 32 1 3 32 2 2 32 3 3 101 112 102 10"
"所有魔法_521_S_700=111 0 1 2 0 0 1 32 3 1 101 112 102 10"
"55.59攻击_625_S_700=111 0 1 10 0 0 3 32 0 2[11 32 1 2 32 2 2 32 3 2 0 0 2 32 0 2[11 32 1 2 32 2 2 32 3 2 101 112 102 10"
#3126火焰弓箭手
"所有攻击_522_S_700=1832 0 1 24 8 0 1 16 0 1 16 1 1[665 16 2 1 16 3 1 16 4 1 16 5 1 16 6 1 16 7 1 16 8 1 16 9 1 16 10 1 8 0 1 16 0 1 16 1 1[665 16 2 1 16 3 1 16 4 1 16 5 1 16 6 1 16 7 1 16 8 1 16 9 1 16 10 1 101 1833 105 1 1834 102 10"
"所有魔法_523_S_700=1832 0 1 2 8 0 1 24 7 1 101 1833 105 1 1834 102 10"
#3634刺客
"所有攻击_524_S_700=2966 0 1 18 0 0 0 16 0 1 16 1 2 16 2 1<3174<3175 16 3 1<3176 16 4 1 16 5 1 16 6 1 16 7 1 0 0 0 16 0 1 16 1 1 16 2 1<3174<3175 16 3 1<3176 16 4 1 16 5 1 16 6 1 16 7 1 101 2967 102 10"
"所有魔法_526_S_700=2966 0 1 2 8 0 1 16 8 1 101 2967 102 10"
#3784死亡骑士
"所有攻击_527_S_700=240 0 1 12 16 0 1 16 1 1 16 2 1<86 16 3 2 16 4 1 16 5 2 16 0 1 16 1 1 16 2 1<86 16 3 1 16 4 1 16 5 2 101 241 105 1 242 102 10"
"51攻击_529_S_700=240 0 1 12 16 0 2 16 1 2 16 2 2 16 3 2<86 16 4 2 16 5 2 16 0 2 16 1 2 16 2 2 16 3 2<86 16 4 2 16 5 2 101 241 105 1 242 102 10"
"无向19魔法_530_S_700=240 0 1 2 40 0 1 40 4 1 101 241 105 1 242 102 10"
"55.59攻击_627_S_700=240 0 1 12 16 0 2 16 1 2 16 2 2<86 16 3 2 16 4 1 16 5 2 16 0 1 16 1 1 16 2 1<86 16 3 1 16 4 1 16 5 2 101 241 105 1 242 102 10"
#3864妖魔斗士
"所有攻击_532_S_700=94 0 1 10 0 0 2 8 0 3[11 8 1 2 8 2 3 8 3 2 0 0 3 8 0 2[11 8 1 3 8 2 2 8 3 3 102 10"
"所有魔法_533_S_700=94 0 1 2 0 0 1 8 3 1 102 10"
#3865狼人
"所有攻击_534_S_700=1110 0 1 12 24 0 2 8 0 2 8 1 2[259 8 2 2 8 3 2 8 4 2 24 0 2 8 0 2 8 1 2[259 8 2 2 8 3 2 8 4 2 101 1111 102 10"
"所有魔法_535_S_700=1110 0 1 2 24 0 1 16 5 1 101 1111 102 10"
#3874莱肯
"所有攻击_536_S_700=1108 0 1 12 24 0 2 8 0 2 8 1 2 8 2 2 8 3 2[248 8 4 2 24 0 2 8 0 2 8 1 2 8 2 2 8 3 2[248 8 4 2 101 1109 102 10"
"所有魔法_537_S_700=1108 0 1 2 24 0 1 16 3 1 101 1109 102 10"
#3881黑长老
"所有攻击_538_S_700=183 0 1 20 0 0 1 24 0 2<34 24 1 1 24 2 2*212 24 3 1 24 4 2 24 2 1 24 3 2 24 4 1 24 2 2 0 0 1 24 0 2<34 24 1 1 24 2 2*212 24 3 1 24 4 2 24 2 1 24 3 2 24 4 1 24 2 2 101 174 105 1 184 102 10"
"所有魔法_539_S_700=183 0 1 2 0 0 1 24 2 1 101 174 105 1 184 102 10"
#3882巴士瑟
"所有攻击_605_S_700=185 0 1 20 0 0 1 24 0 2<34 24 1 1 24 2 2*213 24 3 1 24 4 2 24 2 1 24 3 2 24 4 1 24 2 2 0 0 1 24 0 2<34 24 1 1 24 2 2*213 24 3 1 24 4 2 24 2 1 24 3 2 24 4 1 24 2 2 101 174 105 1 186 102 10"
"所有魔法_606_S_700=185 0 1 2 0 0 2 24 2 1 101 174 105 1 186 102 10"
#3883卡士伯
"所有攻击_607_S_700=173 0 1 20 0 0 1 24 0 2<34 24 1 1 24 2 2*214 24 3 1 24 4 2 24 2 1 24 3 2 24 4 1 24 2 2 0 0 1 24 0 2<34 24 1 1 24 2 2*214 24 3 1 24 4 2 24 2 1 24 3 2 24 4 1 24 2 2 101 174 105 1 175 102 10"
"所有魔法_608_S_700=173 0 1 2 0 0 1 24 2 1 101 174 105 1 175 102 10"
"所有攻击_633_S_700=173 0 1 20 0 0 2 24 0 2<34 24 1 2 24 2 2*214 24 3 2 24 4 2 24 2 2 24 3 2 24 4 1 24 2 1 0 0 1 24 0 1<34 24 1 1 24 2 1*214 24 3 1 24 4 1 24 2 1 24 3 1 24 4 1 24 2 1 101 174 105 1 175 102 10"
#3884马库尔
"所有攻击_611_S_700=187 0 1 20 0 0 1 24 0 2<34 24 1 1 24 2 2*215 24 3 1 24 4 2 24 2 1 24 3 2 24 4 1 24 2 2 0 0 1 24 0 2<34 24 1 1 24 2 2*215 24 3 1 24 4 2 24 2 1 24 3 2 24 4 1 24 2 2 101 174 102 10 105 1 188"
"所有魔法_612_S_700=187 0 1 2 0 0 1 24 2 1 101 174 102 10 105 1 188"
#3885西玛
"所有攻击_613_S_700=183 0 1 20 0 0 1 24 0 2<34 24 1 1 24 2 2*212 24 3 1 24 4 2 24 2 1 24 3 2 24 4 1 24 2 2 0 0 1 24 0 2<34 24 1 1 24 2 2*212 24 3 1 24 4 2 24 2 1 24 3 2 24 4 1 24 2 2 101 174 102 10 105 1 184"
"所有魔法_614_S_700=183 0 1 2 0 0 1 24 2 1 101 174 102 10 105 1 184"
#3888巴风特
"所有攻击_540_S_700=53 0 1 12 0 4 2 0 0 2<66 0 1 2 0 2 2 0 3 2 0 0 1 0 4 1 0 0 2<66 0 1 2 0 2 2 0 3 2 0 0 2"
"所有魔法_542_S_700=53 0 1 2 40 0 1 48 5 1 101 127 102 10"
#3889恶魔
"所有攻击_544_S_700=1180 0 1 14 8 0 1 16 0 1 16 1 1<422 16 2 1 16 3 1 16 4 1 16 5 1 8 0 1 16 0 1 16 1 1<422 16 2 1 16 3 1 16 4 1 16 5 1 101 1181 105 1 1182 102 10"
"所有魔法_545_S_700=1180 0 1 2 8 0 1 16 5 1 101 1181 105 1 1182 102 10"
#3863侏儒
"所有攻击_546_S_700=54 0 1 10 0 0 4 8 0 3 8 1 4<402 8 2 3 8 3 4 0 0 4 8 0 4 8 1 4<402 8 2 3 8 3 4 102 10"
"所有魔法_547_S_700=54 0 1 2 0 0 1 8 3 1 102 10"
#3890黑暗骑士
"所有攻击_548_S_700=3054 0 1 10 0 0 1 16 0 1 16 1 1[1127[1128 16 2 2 16 3 2 0 0 1 16 0 1 16 1 1[1127[1128 16 2 2 16 3 2 101 3055 105 1 3056 102 10"
"无向18魔法_550_S_700=3054 0 1 2 0 0 1 48 6 1 101 3055 105 1 3056 102 10"
"有向19魔法_552_S_700=3054 0 1 2 0 0 1 40 8 1 101 3055 105 1 3056 102 10"
#3891黑暗法师
"所有攻击_553_S_700=3046 0 1 14 8 0 2 16 0 2 16 1 1 16 2 1<1132<1133 16 3 1 16 4 1 16 5 1 8 0 2 16 0 2 16 1 1 16 2 1<1132<1133 16 3 1 16 4 1 16 5 2 101 3047 105 1 3048 102 10"
"所有魔法_555_S_700=3046 0 1 2 8 0 1 24 5 1 101 3047 105 1 3048 102 10"
#3892黑暗巡守
"所有攻击_556_S_700=3105 0 1 14 8 0 1 16 0 1 16 1 1 16 2 1<1555 16 3 1 16 4 2 16 5 2 8 0 1 16 0 1 16 1 1 16 2 1<1555 16 3 3 16 4 2 16 5 2 101 3106 102 10"
"无向18魔法_557_S_700=3105 0 1 2 8 0 1 48 10 1 101 3106 102 10"
"有向19魔法_558_S_700=3105 0 1 2 8 0 1 56 11 1 101 3106 102 10"
#3893银光骑士
"所有攻击_559_S_700=3063 0 1 10 0 0 1 16 0 1 16 1 1<1127<1128 16 2 2 16 3 2 0 0 1 16 0 1 16 1 1<1127<1128 16 2 2 16 3 2 101 3064 105 1 3065 102 10"
"无向18魔法_560_S_700=3063 0 1 2 0 0 1 48 6 1 101 3064 105 1 3065 102 10"
"有向19魔法_562_S_700=3063 0 1 2 0 0 1 40 8 1 101 3064 105 1 3065 102 10"
#3894银光法师
"所有攻击_563_S_700=3070 0 1 14 8 0 2 16 0 2 16 1 1 16 2 1<1132<1133 16 3 1 16 4 1 16 5 1 8 0 2 16 0 2 16 1 1 16 2 1<1132<1133 16 3 1 16 4 1 16 5 2 101 3071 105 1 3072 102 10"
"所有魔法_564_S_700=3070 0 1 2 8 0 1 24 5 1 101 3071 105 1 3072 102 10"
#3895银光巡守
"所有攻击_565_S_700=3145 0 1 14 8 0 1 16 0 1 16 1 1 16 2 1<1555 16 3 1 16 4 2 16 5 2 8 0 1 16 0 1 16 1 1 16 2 1<1555 16 3 3 16 4 2 16 5 2 101 3146 105 1 3147 102 10"
"无向18魔法_567_S_700=3145 0 1 2 8 0 1 48 10 1 101 3146 105 1 3147 102 10"
"有向19魔法_569_S_700=3145 0 1 2 8 0 1 56 11 1 101 3146 105 1 3147 102 10"
#3896黄金骑士
"所有攻击_570_S_700=3057 0 1 10 0 0 1 16 0 1 16 1 1<1127<1128 16 2 2 16 3 2 0 0 1 16 0 1 16 1 1<1127<1128 16 2 2 16 3 2 101 3058 105 1 3059 102 10"
"无向18魔法_571_S_700=3057 0 1 2 0 0 1 48 6 1 101 3058 105 1 3059 102 10"
"有向19魔法_572_S_700=3057 0 1 2 0 0 1 40 8 1 101 3058 105 1 3059 102 10"
#3897黄金法师
"所有攻击_573_S_700=3075 0 1 14 8 0 2 16 0 2 16 1 1 16 2 1<1132<1133 16 3 1 16 4 1 16 5 1 8 0 2 16 0 2 16 1 1 16 2 1<1132<1133 16 3 1 16 4 1 16 5 2 101 3076 105 1 3077 102 10"
"所有魔法_574_S_700=3075 0 1 2 8 0 1 24 5 1 101 3076 105 1 3077 102 10"
#3898黄金巡守
"所有攻击_575_S_700=3148 0 1 14 8 0 1 16 0 1 16 1 1<1555 16 2 1 16 3 1 16 4 1 16 5 1 8 0 1 16 0 1 16 1 1<1555 16 2 1 16 3 3 16 4 2 16 5 2 101 3149 105 1 3150 102 10"
"无向18魔法_576_S_700=3148 0 1 2 8 0 1 48 10 1 101 3149 105 1 3150 102 10"
"有向19魔法_577_S_700=3148 0 1 2 8 0 1 56 11 1 101 3149 105 1 3150 102 10"
#3899白金骑士
"所有攻击_580_S_700=3060 0 1 10 0 0 1 16 0 1 16 1 1<1127<1128 16 2 2 16 3 2 0 0 1 16 0 1 16 1 1<1127<1128 16 2 2 16 3 2 101 3061 105 1 3062 102 10"
"无向18魔法_581_S_700=3060 0 1 2 0 0 1 48 6 1 101 3061 105 1 3062 102 10"
"有向19魔法_582_S_700=3060 0 1 2 0 0 1 40 8 1 101 3061 105 1 3062 102 10"
#3900白金法师
"所有攻击_583_S_700=3080 0 1 14 8 0 2 16 0 2 16 1 1 16 2 1[1132[1133 16 3 1 16 4 1 16 5 1 8 0 2 16 0 2 16 1 1 16 2 1[1132[1133 16 3 1 16 4 1 16 5 2 101 3081 105 1 3082 102 10"
"所有魔法_584_S_700=3080 0 1 2 8 0 1 24 5 1 101 3081 105 1 3082 102 10"
#3901白金巡守
"所有攻击_587_S_700=3151 0 1 14 8 0 1 16 0 1 16 1 1 16 2 1<1555 16 3 1 16 4 2 16 5 2 8 0 1 16 0 1 16 1 1 16 2 1<1555 16 3 3 16 4 2 16 5 2 101 3152 105 1 3153 102 10"
"无向18魔法_589_S_700=3151 0 1 2 8 0 1 48 10 1 101 3152 105 1 3153 102 10"
"有向19魔法_590_S_700=3151 0 1 2 8 0 1 56 11 1 101 3152 105 1 3153 102 10"
#3905巴列斯
"所有攻击_591_S_700=1011 0 1 12 16 4 2 16 0 2<66 16 1 2 16 2 2 16 3 2 16 0 2 16 4 2 16 0 2<66 16 1 2 16 2 2 16 3 2 16 0 2 101 1012 105 1 1013 102 10"
"所有魔法_594_S_700=1011 0 1 2 0 0 1 24 5 1 101 1012 105 1 1013 102 10"
"所有攻击_652_S_700=1011 0 1 10 16 4 2 16 0 2[66 16 1 3 16 2 3 16 3 3 16 4 3 16 0 3[66 16 1 3 16 2 3 16 3 3 101 1012 105 1 1013 102 10"
#4923黑骑士
"所有攻击_595_S_700=110 0 1 12 8 0 1 0 0 1[11 0 1 3 0 2 1 0 3 1 0 4 2 8 0 1 0 0 2[11 0 1 2 0 2 1 0 3 1 0 4 2 101 113 102 10"
"所有魔法_597_S_700=110 0 1 2 0 0 1 32 3 1 101 113 102 10"
"所有攻击_653_S_700=110 0 1 12 8 0 3 0 0 3[11 0 1 3 0 2 3 0 3 2 0 4 2 8 0 2 0 0 2[11 0 1 2 0 2 2 0 3 2 0 4 2 101 113 102 10"
#4926黑暗妖精法师
"所有攻击_598_S_700=3376 0 1 20 16 0 1 16 1 1 16 2 1 16 3 1 16 4 1<1148 16 5 1 16 6 1 16 7 1 16 8 1 16 9 1 16 0 1 16 1 1 16 2 1 16 3 1 16 4 1<1148 16 5 1 16 6 1 16 7 1 16 8 1 16 9 1 101 3377 102 10"
"无向18魔法_600_S_700=3376 0 1 2 0 0 1 24 8 1 101 3377 102 10"
"有向19魔法_601_S_700=3376 0 1 2 0 0 1 32 9 1 101 3377 102 10"
#4932刺客首领
"所有攻击_602_S_700=2843 0 1 16 16 0 1 16 1 1 16 2 2<3174<3175 16 1 2<3176 16 2 1 16 5 2 16 6 2 16 7 1 16 0 1 16 1 1 16 2 2<3174<3175 16 1 2<3176 16 2 1 16 5 2 16 6 2 16 7 1 101 2844 105 1 5116 102 10"
"所有魔法_603_S_700=2843 0 1 2 0 0 1 24 8 1 101 2844 105 1 5116 102 10"
"55.59攻击_655_S_700=2843 0 1 17 0 0 2 16 0 2 16 1 2 16 2 2<3174<3175 16 3 2<3176 16 4 2 16 5 2 16 6 2 16 7 2 16 0 1 16 1 1 16 2 1<3174<3175 16 3 1<3176 16 4 1 16 5 1 16 6 1 16 7 1 101 2844 105 1 5116 102 10"
#4918强盗 弓 
"所有攻击_615_S_700=2533 0 1 24 8 0 0 16 0 1 16 1 1 16 2 1 16 3 1 16 4 1 16 5 1<783 16 6 1 16 7 1! 16 8 1 16 9 1 16 10 1 8 0 0 16 0 1 16 1 1 16 2 1 16 3 1 16 4 1 16 5 1<783 16 6 1 16 7 1! 16 8 1 16 9 1 16 10 1 102 10 101 2534"
"所有魔法_616_S_700=2533 0 1 2 8 0 1 24 6 1 102 10 101 2534"
#3886小恶魔
"所有攻击_617_S_700=2524 0 1 14 8 0 2 16 0 1 16 1 2<422 16 2 1 16 3 1 16 4 1 16 5 1 8 0 2 16 0 1 16 1 2<422 16 2 1 16 3 1 16 4 1 16 5 1 102 10 101 2525 105 1 2526"
"所有魔法_618_S_700=2524 0 1 2 0 0 1 32 6 1 102 10 101 2525 105 1 2526"
#4917黑暗妖精巡手
"所有攻击_619_S_700=2850 0 1 20 8 0 0 24 0 1 24 1 1 24 2 1 24 3 1 24 4 1<783 24 5 2 24 6 1 24 7 1 24 8 2 8 0 0 24 0 1 24 1 1 24 2 1 24 3 1 24 4 1<783 24 5 2 24 6 1 24 7 1 24 8 1 102 10 101 2851"
"所有魔法_620_S_700=2850 0 1 2 8 0 1 16 6 1 102 10 101 2851"
#4919黑暗妖精警卫
"所有攻击_621_S_700=3402 0 1 20 8 0 0 16 0 1 16 1 1 16 2 2<903 16 3 1 16 4 1 16 5 1 16 6 1 16 7 1 16 8 1 8 0 0 16 0 1 16 1 1 16 2 2<903 16 3 1 16 4 1 16 5 1 16 6 1 16 7 1 16 8 1 102 10 101 3403"
"所有魔法_622_S_700=3402 0 1 2 8 0 1 24 5 1 102 10 101 3403"
#5727黑暗刺客
"14攻击_454_S_700=5727 0(1 10 8.0:1 16.0:1 16.1:1<3976 16.2:2 16.3:2 8.0:1 16.0:1 16.1:1<3976 16.2:2 16.3:2) 101.(5728) 102.(10) 105.(1 5729)"
"20攻击_466_S_700=5727 0(1 10 8.0:2 16.0:2 16.1:2<3976 16.2:2 16.3:2 8.0:2 16.0:2 16.1:2<3976 16.2:2 16.3:2) 101.(5728) 102.(10) 105.(1 5729)"
#5730银光刺客
"14攻击_455_S_700=5730 0(1 10 8.0:1 16.0:1 16.1:1<3977 16.2:2 16.3:2 8.0:1 16.0:1 16.1:1<3977 16.2:2 16.3:2) 101.(5731) 102.(10) 105.(1 5732)"
"20攻击_468_S_700=5730 0(1 10 8.0:2 16.0:2 16.1:2<3977 16.2:2 16.3:2 8.0:2 16.0:2 16.1:2<3977 16.2:2 16.3:2) 101.(5731) 102.(10) 105.(1 5732)"
#5733黄金刺客
"14攻击_456_S_700=5733 0(1 10 8.0:1 16.0:1 16.1:1<3978 16.2:2 16.3:2 8.0:1 16.0:1 16.1:1<3978 16.2:2 16.3:2) 101.(5734) 102.(10) 105.(1 5735)"
"20攻击_470_S_700=5733 0(1 10 8.0:2 16.0:2 16.1:2<3978 16.2:2 16.3:2 8.0:2 16.0:2 16.1:2<3978 16.2:2 16.3:2) 101.(5734) 102.(10) 105.(1 5735)"
#5736白金刺客
"14攻击_459_S_700=5736 0(1 10 8.0:1 16.0:1 16.1:1<3979 16.2:2 16.3:2 8.0:1 16.0:1 16.1:1<3979 16.2:2 16.3:2) 101.(5737) 102.(10) 105.(1 5738)"
"20攻击_472_S_700=5736 0(1 10 8.0:2 16.0:2 16.1:2<3979 16.2:2 16.3:2 8.0:2 16.0:2 16.1:2<3979 16.2:2 16.3:2) 101.(5737) 102.(10) 105.(1 5738)"
