#0王子
"图档宣告_0_P_700=3225"
"空手攻击_0_1_1(0 2 699 0 19 699 0 1]362!)"
"拿剑攻击_0_5_5(0 2 699 0 23 699 0 1]363!)"
"斧头攻击_0_12_12(0 2 699 0 21 699 0 1]364!)"
"拿弓攻击_0_21_21(0 2 699 0 25 699 0 5]365!)"
"拿矛攻击_0_25_25(0 2 699 0 20 699 0 1]366!)"
"拿杖攻击_0_41_41(0 2 699 0 21 699 0 1]367!)"
"匕首攻击_0_47_47(0 2 699 0 20 699 0 1]368!)"
"双手剑攻击_0_51_51(0 2 699 0 27 699 0 1]369!)"
"有向魔法_0_18_18(1 1 -1.0:0)"
"无向魔法_0_19_19(1 1 -1.0:0)"
"影子图档宣告_3226_S_700 102(0)"
"主要图档宣告_3225_S_700 102(0)"
"影子图档宣告_6262_S_700 104(8)"
#1公主
"图档宣告_1_P_700=3227"
"空手走速_1_0_0(1 4 0 0 4<479 0 1 4 0 2 4<478 0 3 4)"
"拿剑走速_1_4_4(1 4 104 0 4<479 104 1 4 104 2 4<478 104 3 4)"
"斧头走速_1_11_11(1 4 144 0 4<479 144 1 4 144 2 4<478 144 3 4)"
"拿弓走速_1_20_20(1 4 272 0 4<479 272 1 4 272 2 4<478 272 3 4)"
"拿矛走速_1_24_24(1 4 208 0 4<479 208 1 4 208 2 4<478 208 3 4)"
"拿杖走速_1_40_40(1 4 144 0 4<479 144 1 4 144 2 4<478 144 3 4)"
"匕首走速_1_46_46(1 4 176 0 4<479 176 1 4 176 2 4<478 176 3 4)"
"双手剑走速_1_50_50(1 4 240 0 4<479 240 1 4 240 2 4<478 240 3 4)"
"空手被打_1_2_2(1 2 8 0 1 24 0 1[1546[1547)"
"拿剑被打_1_6_6(1 2 112 0 1 128 0 1[1546[1547)"
"斧头被打_1_13_13((1 2 152 0 1 168 0 1[1546[1547)"
"拿弓被打_1_22_22(1 2 280 0 1 296 0 1[1546[1547)"
"拿矛被打_1_26_26(1 2 216 0 1 232 0 1[1546[1547)"
"拿杖被打_1_42_42(1 2 152 0 1 168 0 1[1546[1547)"
"匕首被打_1_48_48(1 2 176 0 1 200 0 1[1546[1547)"
"双手剑被打_1_52_52(1 2 248 0 1 264 0 1[1546[1547)"
"空手攻击_1_1_1(0 2 699 0 19 699 0 1]372!)"
"拿剑攻击_1_5_5(0 2 699 0 23 699 0 1]373!)"
"斧头攻击_1_12_12(0 2 699 0 21 699 0 1]374!)"
"拿弓攻击_1_21_21(0 2 699 0 25 699 0 5]376!)"
"拿矛攻击_1_25_25(0 2 699 0 20 699 0 1]377!)"
"拿杖攻击_1_41_41(0 2 699 0 21 699 0 1]379!)"
"匕首攻击_1_47_47(0 2 699 0 20 699 0 1]380!)"
"双手剑攻击_1_51_51(0 2 699 0 27 699 0 1]384!)"
"有向魔法_1_18_18(1 1 -1.0:0)"
"无向魔法_1_19_19(1 1 -1.0:0)"
"影子图档宣告_3228_S_700 102(0)"
"主要图档宣告_3227_S_700 102(0)"
"影子图档宣告_6261_S_700 104(8)"
#37女妖精 
"图档宣告_37_P_700=3474"
"空手走速_37_0_0(1 4 0 0 4 0 1 4<479 0 2 4 0 3 4<478)"
"拿剑走速_37_4_4(1 4 168 0 4<479 168 1 4 168 2 4<478 168 3 4)"
"斧头走速_37_11_11(1 4 200 0 4<479 200 1 4 200 2 4<478 200 3 4)"
"拿弓走速_37_20_20(1 4 104 0 4<479 104 1 4 104 2 4<478 104 3 4)"
"拿矛走速_37_24_24(1 4 232 0 4<479 232 1 4 232 2 4<478 232 3 4)"
"拿杖走速_37_40_40(1 4 200 0 4<479 200 1 4 200 2 4<478 200 3 4)"
"匕首走速_37_46_46(1 4 136 0 4<479 136 1 4 136 2 4<478 136 3 4)"
"空手被打_37_2_2(1 2 0 0 1 88 0 1[1560[1561)"
"拿剑被打_37_6_6(1 2 176 0 1 192 0 1[1560[1561)"
"斧头被打_37_13_13(1 2 208 0 1 224 0 1[1560[1561)"
"拿弓被打_37_22_22(1 2 112 0 1 128 0 1[1560[1561)"
"拿矛被打_37_26_26(1 2 240 0 1 256 0 1[1560[1561)"
"拿杖被打_37_42_42(1 2 208 0 1 224 0 1[1560[1561)"
"匕首被打_37_48_48(1 2 144 0 1 160 0 1[1560[1561)"
"空手攻击_37_1_1(0 2 699 0 18 699 0 1]387!)"
"拿剑攻击_37_5_5(0 2 699 0 20 699 0 1]388!)"
"斧头攻击_37_12_12(0 2 699 0 25 699 0 1]389!)"
"拿弓攻击_37_21_21(0 2 699 0 20 699 0 4]390!)"
"拿矛攻击_37_25_25(0 2 699 0 28 699 0 1]391!)"
"拿杖攻击_37_41_41(0 2 699 0 25 699 0 1]392!)"
"匕首攻击_37_47_47(0 2 699 0 18 699 0 1]393!)"
"有向魔法_37_18_18(1 1 -1.0:0)"
"无向魔法_37_19_19(1 1 -1.0:0)"
"影子图档宣告_3475_S_700 102(0)"
"主要图档宣告_3474_S_700 102(0)"
"影子图档宣告_6263_S_700 104(8)"
#48女骑士
"图档宣告_48_P_700=3215"
"空手走速_48_0_0(1 4 0 0 4<478 0 1 4 0 2 4<479 0 3 4)"
"拿剑走速_48_4_4(1 4 176 0 4<478 176 1 4 176 2 4<479 176 3 4)"
"斧头走速_48_11_11(1 4 216 0 4<478 216 1 4 216 2 4<479 216 3 4)"
"拿弓走速_48_20_20(1 4 248 0 4<479 248 1 4 248 2 4<478 248 3 4)"
"拿矛走速_48_24_24(1 4 280 0 4<479 280 1 4 280 2 4<478 280 3 4)"
"拿杖走速_48_40_40(1 4 216 0 4<478 216 1 4 216 2 4<479 216 3 4)"
"匕首走速_48_46_46(1 4 144 0 4<479 144 1 4 144 2 4<478 144 3 4)"
"双手剑走速_48_50_50(1 4 104 0 4<479 104 1 4 104 2 4<478 104 3 4)"
"空手被打_48_2_2(1 2 8 0 1 56 0 1[1574[904)"
"拿剑被打_48_6_6(1 2 184 0 1 208 0 1[1574[904)"
"斧头被打_48_13_13(1 2 224 0 1 240 0 1[1574[904)"
"拿弓被打_48_22_22(1 2 256 0 1 272 0 1[1574[904)"
"拿矛被打_48_26_26(1 2 288 0 1 304 0 1[1574[904)"
"拿杖被打_0_42_42(1 2 224 0 1 240 0 1[1574[904)"
"匕首被打_48_48_48(1 2 152 0 1 168 0 1[1574[904)"
"双手剑被打_48_52_52(1 2 112 0 1 136 0 1[1574[904)"
"空手攻击_48_1_1(0 2 699 0 19 699 0 1]396!)"
"拿剑攻击_48_5_5(0 2 699 0 21 699 0 1]397!)"
"斧头攻击_48_12_12(0 2 699 0 23 699 0 1]398!)"
"拿弓攻击_48_21_21(0 2 699 0 31 699 0 5]400!)"
"拿矛攻击_48_25_25(0 2 699 0 20 699 0 1]401!)"
"拿杖攻击_48_41_41(0 2 699 0 23 699 0 1]402!)"
"匕首攻击_48_47_47(0 2 699 0 20 699 0 1]403!)"
"双手剑攻击_48_51_51(0 2 699 0 24 699 0 1]404!)"
"有向魔法_48_18_18(1 1 -1.0:0)"
"无向魔法_48_19_19(1 1 -1.0:0)"
"影子图档宣告_3216_S_700 102(0)"
"主要图档宣告_3215_S_700 102(0)"
"影子图档宣告_6255_S_700 104(8)"
#61男骑士
"图档宣告_61_P_700=3213"
"空手走速_61_0_0(1 4 0 0 4<478 0 1 4 0 2 4<479 0 3 4)"
"拿剑走速_61_4_4(1 4 168 0 4<478 168 1 4 168 2 4<479 168 3 4)"
"斧头走速_61_11_11(1 4 200 0 4<478 200 1 4 200 2 4<479 200 3 4)"
"拿弓走速_61_20_20(1 4 232 0 4<478 232 1 4 232 2 4<479 232 3 4)"
"拿矛走速_61_24_24(1 4 264 0 4<478 264 1 4 264 2 4<479 264 3 4)"
"拿杖走速_61_40_40(1 4 200 0 4<478 200 1 4 200 2 4<479 200 3 4)"
"匕首走速_61_46_46(1 4 136 0 4<478 136 1 4 136 2 4<479 136 3 4)"
"双手剑走速_61_50_50(1 4 104 0 4<478 104 1 4 104 2 4<479 104 3 4)"
"空手被打_61_2_2(1 2 8 0 1 56 0 1[1567[1568)"
"拿剑被打_61_6_6(1 2 176 0 1 192 0 1[1567[1568)"
"斧头被打_61_13_13(1 2 208 0 1 224 0 1[1567[1568)"
"拿弓被打_61_22_22(1 2 240 0 1 256 0 1[1567[1568)"
"拿矛被打_61_26_26(1 2 272 0 1 288 0 1[1567[1568)"
"拿杖被打_61_42_42(1 2 208 0 1 224 0 1[1567[1568)"
"匕首被打_61_48_48(1 2 144 0 1 160 0 1[1567[1568)"
"双手剑被打_61_52_52(1 2 112 0 1 128 0 1[1567[1568)"
"空手攻击_61_1_1(0 2 699 0 19 699 0 1]407!)"
"拿剑攻击_61_5_5(0 2 699 0 21 699 0 1]408!)"
"斧头攻击_61_12_12(0 2 699 0 23 699 0 1]409!)"
"拿弓攻击_61_21_21(0 2 699 0 31 699 0 5]410!)"
"拿矛攻击_61_25_25(0 2 699 0 20 699 0 1]411!)"
"拿杖攻击_61_41_41(0 2 699 0 23 699 0 1]412!)"
"匕首攻击_61_47_47(0 2 699 0 21 699 0 1]413!)"
"双手剑攻击_61_51_51(0 2 699 0 24 699 0 1]414!)"
"有向魔法_61_18_18(1 1 -1.0:0)"
"无向魔法_61_19_19(1 1 -1.0:0)"
"影子图档宣告_3214_S_700 102(0)"
"主要图档宣告_3213_S_700 102(0)"
"影子图档宣告_6256_S_700 104(8)"
#138男妖精
"图档宣告_138_P_700=3217"
"空手走速_138_0_0(1 4 0 0 4<478 0 1 4 0 2 4<479 0 3 4)"
"拿剑走速_138_4_4(1 4 168 0 4<478 168 1 4 168 2 4<479 168 3 4)"
"斧头走速_138_11_11(1 4 200 0 4<478 200 1 4 200 2 4<479 200 3 4)"
"拿弓走速_138_20_20(1 4 104 0 4<478 104 1 4 104 2 4<479 104 3 4)"
"拿矛走速_138_24_24(1 4 232 0 4<478 232 1 4 232 2 4<479 232 3 4)"
"拿杖走速_138_40_40(1 4 200 0 4<478 200 1 4 200 2 4<479 200 3 4)"
"匕首走速_138_46_46(1 4 136 0 4<478 136 1 4 136 2 4<479 136 3 4)"
"空手被打_138_2_2(1 2 8 0 1 88 0 1[1552[1553)"
"拿剑被打_138_6_6(1 2 176 0 1 192 0 1[1552[1553)"
"斧头被打_138_13_13(1 2 208 0 1 224 0 1[1552[1553)"
"拿弓被打_138_22_22(1 2 112 0 1 128 0 1[1552[1553)"
"拿矛被打_138_26_26(1 2 240 0 1 256 0 1[1552[1553)"
"拿杖被打_138_42_42(1 2 208 0 1 224 0 1[1552[1553)"
"匕首被打_138_48_48(1 2 144 0 1 160 0 1[1552[1553)"
"空手攻击_138_1_1(0 2 699 0 18 699 0 1]417!)"
"拿剑攻击_138_5_5(0 2 699 0 20 699 0 1]418!)"
"斧头攻击_138_12_12(0 2 699 0 25 699 0 1]419!)"
"拿弓攻击_138_21_21(0 2 699 0 20 699 0 4]420!)"
"拿矛攻击_138_25_25(0 2 699 0 25 699 0 1]421!)"
"拿杖攻击_138_41_41(0 2 699 0 25 699 0 1]422!)"
"匕首攻击_138_47_47(0 2 699 0 18 699 0 1]423!)"
"有向魔法_138_18_18(1 1 -1.0:0)"
"无向魔法_138_19_19(1 1 -1.0:0)"
"影子图档宣告_3218_S_700 102(0)"
"主要图档宣告_3217_S_700 102(0)"
"影子图档宣告_6264_S_700 104(8)"
#734男法师
"图档宣告_734_P_700=3476"
"空手走速_734_0_0(1 4 0 0 4<478 0 1 4 0 2 4<479 0 3 4)"
"拿剑走速_734_4_4(1 4 104 0 4<478 104 1 4 104 2 4<479 104 3 4)"
"斧头走速_734_11_11(1 4 272 0 4<478 272 1 4 272 2 4<479 272 3 4)"
"拿弓走速_734_20_20(1 4 176 0 4<478 176 1 4 176 2 4<479 176 3 4)"
"拿矛走速_734_24_24(1 4 240 0 4<478 240 1 4 240 2 4<479 240 3 4)"
"拿杖走速_734_40_40(1 4 144 0 4<478 144 1 4 144 2 4<479 144 3 4)"
"匕首走速_734_46_46(1 4 72 0 4<478 72 1 4 72 2 4<479 72 3 4)"
"空手被打_734_2_2(1 2 0 0 1 32 0 1[1580[1581)"
"拿剑被打_734_6_6(1 2 112 0 1 128 0 1[1580[1581)"
"斧头被打_734_13_13(1 2 280 0 1 296 0 1[1580[1581)"
"拿弓被打_734_22_22(1 2 184 0 1 200 0 1[1580[1581)"
"拿矛被打_734_26_26(1 2 248 0 1 264 0 1[1580[1581)"
"拿杖被打_734_42_42(1 2 152 0 1 168 0 1[1580[1581)"
"匕首被打_734_48_48(1 2 80 0 1 96 0 1[1580[1581)"
"空手攻击_734_1_1(0 2 699 0 21 699 0 1]426!)"
"拿剑攻击_734_5_5(0 2 699 0 24 699 0 1]427!)"
"斧头攻击_734_12_12(0 2 699 0 27 699 0 1]428!)"
"拿弓攻击_734_21_21(0 2 699 0 37 699 0 5]429!)"
"拿矛攻击_734_25_25(0 2 699 0 27 699 0 1]430!)"
"拿杖攻击_734_41_41(0 2 699 0 27 699 0 1]431!)"
"匕首攻击_734_47_47(0 2 699 0 22 699 0 1]432!)"
"有向魔法_734_18_18(1 1 -1.0:0)"
"无向魔法_734_19_19(1 1 -1.0:0)"
"影子图档宣告_3477_S_700 102(0)"
"主要图档宣告_3476_S_700 102(0)"
"影子图档宣告_6260_S_700 104(8)"
#1186女法师
"图档宣告_1186_P_700=3221"
"空手走速_1186_0_0(1 4 0 0 4<478 0 2 4 0 4 4<479 0 6 4)"
"拿剑走速_1186_4_4(1 4 168 0 4<478 168 2 4 168 4 4<479 168 6 4)"
"斧头走速_1186_11_11(1 4 264 0 4<478 264 2 4 264 4 4<479 264 6 4)"
"拿弓走速_1186_20_20(1 4 232 0 4<478 232 2 4 232 4 4<479 232 6 4)"
"拿矛走速_1186_24_24(1 4 200 0 4<478 200 2 4 200 4 4<479 200 6 4)"
"拿杖走速_1186_40_40(1 4 104 0 4<478 104 2 4 104 4 4<479 104 6 4)"
"匕首走速_1186_46_46(1 4 136 0 4<478 136 2 4 136 4 4<479 136 6 4)"
"空手被打_1186_2_2(1 2 8 0 1 24 0 1[405[904)"
"拿剑被打_1186_6_6(1 2 176 0 1 192 0 1[405[904)"
"斧头被打_1186_13_13(1 2 272 0 1 288 0 1[405[904)"
"拿弓被打_1186_22_22(1 2 240 0 1 256 0 1[405[904)"
"拿矛被打_1186_26_26(1 2 208 0 1 224 0 1[405[904)"
"拿杖被打_1186_42_42(1 2 112 0 1 128 0 1[405[904)"
"匕首被打_1186_48_48(1 2 144 0 1 160 0 1[405[904)"
"空手攻击_1186_1_1(0 2 699 0 21 699 0 1]435!)"
"拿剑攻击_1186_5_5(0 2 699 0 24 699 0 1]436!)"
"斧头攻击_1186_12_12(0 2 699 0 27 699 0 1]437!)"
"拿弓攻击_1186_21_21(0 2 699 0 37 699 0 5]438!)"
"拿矛攻击_1186_25_25(0 2 699 0 27 699 0 1]439!)"
"拿杖攻击_1186_41_41(0 2 699 0 27 699 0 1]440!)"
"匕首攻击_1186_47_47(0 2 699 0 22 699 0 1]441!)"
"有向魔法_1186_18_18(1 1 -1.0:0)"
"无向魔法_1186_19_19(1 1 -1.0:0)"
"影子图档宣告_3222_S_700 102(0)"
"主要图档宣告_3221_S_700 102(0)"
"影子图档宣告_6259_S_700 104(8)"
#2786男黑暗妖精
"图档宣告_2786_P_700"
"空手走速_2786_0_0(1 4 0 0 4<479 0 1 4 0 2 4<478 0 3 4)"
"拿剑走速_2786_4_4(1 4 120 0 4<479 120 1 4 120 2 4<478 120 3 4)"
"拿弓走速_2786_20_20(1 4 152 0 4<479 152 1 4 152 2 4<478 152 3 4)"
"匕首走速_2786_46_46(1 4 88 0 4<479 88 1 4 88 2 4<478 88 3 4)"
"双刀走速_2786_54_54(1 4 184 0 4<479 184 1 4 184 2 4<478 184 3 4)"
"双爪走速_2786_58_58(1 4 216 0 4<479 216 1 4 216 2 4<478 216 3 4)"
"飞镖走速_2786_62_62(1 4 248 0 4<479 248 1 4 248 2 4<478 248 3 4)"
"空手被打_2786_2_2(1 2 8 0 1 32 0 1[1521[904)"
"拿剑被打_2786_6_6(1 2 128 0 1 144 0 1[1521[904)"
"拿弓被打_2786_22_22(1 2 160 0 1 176 0 1[1521[904)"
"匕首被打_2786_48_48(1 2 96 0 1 112 0 1[1521[904)"
"双刀被打_2786_56_56(1 2 192 0 1 208 0 1[1521[904)"
"双爪被打_2786_60_60(1 2 224 0 1 240 0 1[1521[904)"
"飞镖被打_2786_64_64(1 2 256 0 1 272 0 1[1521[904)"
"空手攻击_2786_1_1(0 2 699 0 18 699 0 1]454!)"
"拿剑攻击_2786_5_5(0 2 699 0 21 699 0 1]455!)"
"斧头攻击_2786_12_12(0 2 699 0 19 699 0 1]456!)"
"拿弓攻击_2786_21_21(0 2 699 0 25 699 0 3]459!)"
"匕首攻击_2786_47_47(0 2 699 0 16 699 0 1]466!)"
"双刀攻击_2786_55_55(0 2 699 0 25 699 0 1]468!)"
"双爪攻击_2786_59_59(0 2 699 0 19 699 0 1]470!)"
"飞镖攻击_2786_63_63(0 2 699 0 23 699 0 1]472!)"
"有向魔法_2786_18_18(1 1 -1.0:0)"
"无向魔法_2786_19_19(1 1 -1.0:0)"
"影子图档宣告_2787_S_700 102(0)"
"影子图档宣告_6258_S_700 104(8)"
#2796女黑暗妖精
"图档宣告_2796_P_700"
"空手走速_2796_0_0(1 4 280 0 4<478 280 1 4 280 2 4<479 280 3 4)"
"拿剑走速_2796_4_4(1 4 296 0 4<478 296 1 4 296 2 4<479 296 3 4)"
"拿弓走速_2796_20_20(1 4 304 0 4<478 304 1 4 304 2 4<479 304 3 4)"
"匕首走速_2796_46_46(1 4 288 0 4<478 288 1 4 288 2 4<479 288 3 4)"
"双刀走速_2796_54_54(1 4 184 0 4<478 184 1 4 184 2 4<479 184 3 4)"
"双爪走速_2796_58_58(1 4 320 0 4<478 320 1 4 320 2 4<479 320 3 4)"
"飞镖走速_2796_62_62(1 4 328 0 4<478 328 1 4 328 2 4<479 328 3 4)"
"空手被打_2796_2_2(1 2 8 0 1 40 0 1[1522[904)"
"拿剑被打_2796_6_6(1 2 128 0 1 144 0 1[1522[904)"
"拿弓被打_2796_22_22(1 2 160 0 1 176 0 1[1522[904)"
"匕首被打_2796_48_48(1 2 96 0 1 112 0 1[1522[904)"
"双刀被打_2796_56_56(1 2 192 0 1 208 0 1[1522[904)"
"双爪被打_2796_60_60(1 2 224 0 1 240 0 1[1522[904)"
"飞镖被打_2796_64_64(1 2 256 0 1 272 0 1[1522[904)"
"女黑暗妖精空手攻击_2796_1_1(0 2 699 0 19 699 0 1]488!)"
"女黑暗妖精拿剑攻击_2796_5_5(0 2 699 0 22 699 0 1]490!)"
"女黑暗妖精斧头攻击_2796_12_12(0 2 699 0 17 699 0 1]491!)"
"女黑暗妖精拿弓攻击_2796_21_21(0 2 699 0 24 699 0 3]494!)"
"女黑暗妖精匕首攻击_2796_47_47(0 2 699 0 15 699 0 1]495!)"
"女黑暗妖精双刀攻击_2796_55_55(0 2 699 0 26 699 0 1]496!)"
"女黑暗妖精双爪攻击_2796_59_59(0 2 699 0 18 699 0 1]498!)"
"女黑暗妖精飞镖攻击_2796_63_63(0 2 699 0 23 699 0 1]499!)"
"女黑暗妖精有向魔法_2796_18_18(1 1 -1.0:0)"
"女黑暗妖精无向魔法_2796_19_19(1 1 -1.0:0)"
"影子图档宣告_2797_S_700 102(0)"
"影子图档宣告_6257_S_700 104(8)"
#2374骷髅
"图档宣告_2374_P_700=30"
"空手走速_2374_0_0(1 4 40 0 4 40 1 4 40 2 4 40 3 4)"
"拿剑走速_2374_4_4(1 4 40 0 4 40 1 4 40 2 4 40 3 4)"
"斧头走速_2374_11_11(1 4 40 0 4 40 1 4 40 2 4 40 3 4)"
"拿弓走速_2374_20_20(1 4 40 0 4 40 1 4 40 2 4 40 3 4)"
"拿矛走速_2374_24_24(1 4 40 0 4 40 1 4 40 2 4 40 3 4)"
"拿杖走速_2374_40_40(1 4 40 0 4 40 1 4 40 2 4 40 3 4)"
"匕首走速_2374_46_46(1 4 40 0 4 40 1 4 40 2 4 40 3 4)"
"双手剑走速_2374_50_50(1 4 40 0 4 40 1 4 40 2 4 40 3 4)"
"双刀走速_2374_54_54(1 4 40 0 4 40 1 4 40 2 4 40 3 4)"
"双爪走速_2374_58_58(1 4 40 0 4 40 1 4 40 2 4 40 3 4)"
"飞镖走速_2374_62_62(1 4 40 0 4 40 1 4 40 2 4 40 3 4)"
"空手被打_2374_2_2(1 2 0 0 1 16 0 1[57)"
"拿剑被打_2374_6_6(1 2 0 0 1 16 0 1[57)"
"斧头被打_2374_13_13(1 2 0 0 1 16 0 1[57)"
"拿弓被打_2374_22_22(1 2 0 0 1 16 0 1[57)"
"拿矛被打_2374_26_26(1 2 0 0 1 16 0 1[57)"
"拿杖被打_2374_42_42(1 2 0 0 1 16 0 1[57)"
"匕首被打_2374_48_48(1 2 0 0 1 16 0 1[57)"
"双手剑被打_2374_52_52(1 2 0 0 1 16 0 1[57)"
"双刀被打_2374_56_56(1 2 0 0 1 16 0 1[57)"
"双爪被打_2374_60_60(1 2 0 0 1 16 0 1[57)"
"飞镖被打_2374_64_64(1 2 0 0 1 16 0 1[57)"
"空手攻击_2374_1_1(0 2 699 0 22 699 0 1]507!)"
"拿剑攻击_2374_5_5(0 2 699 0 22 699 0 1]507!)"
"斧头攻击_2374_12_12(0 2 699 0 22 699 0 1]507!)"
"拿杖攻击_2374_41_41(0 2 699 0 22 699 0 1]507!)"
"匕首攻击_2374_47_47(0 2 699 0 22 699 0 1]507!)"
"双手剑攻击_2374_51_51(0 2 699 0 27 699 0 1]507!)"
"双刀攻击_2374_55_55(0 2 699 0 22 699 0 1]507!)"
"双爪攻击_2374_59_59(0 2 699 0 22 699 0 1]507!)"
"有向魔法_2374_18_18(1 1 -1.0:0)"
"无向魔法_2374_19_19(1 1 -1.0:0)"
"影子图档宣告_128_S_700 102(0)"
#2378史巴托
"图档宣告_2378_P_700=145"
"空手走速_2378_0_0(1 4 40 0 4 40 1 5 40 2 4 40 3 5)"
"拿剑走速_2378_4_4(1 4 40 0 4 40 1 5 40 2 4 40 3 5)"
"斧头走速_2378_11_11(1 4 40 0 4 40 1 5 40 2 4 40 3 5)"
"拿弓走速_2378_20_20(1 4 40 0 4 40 1 5 40 2 4 40 3 5)"
"拿矛走速_2378_24_24(1 4 40 0 4 40 1 5 40 2 4 40 3 5)"
"拿杖走速_2378_40_40(1 4 40 0 4 40 1 5 40 2 4 40 3 5)"
"匕首走速_2378_46_46(1 4 40 0 4 40 1 5 40 2 4 40 3 5)"
"双手剑走速_2378_50_50(1 4 40 0 4 40 1 5 40 2 4 40 3 5)"
"双刀走速_2378_54_54(1 4 40 0 4 40 1 5 40 2 4 40 3 5)"
"双爪走速_2378_58_58(1 4 40 0 4 40 1 5 40 2 4 40 3 5)"
"飞镖走速_2378_62_62(1 4 40 0 4 40 1 5 40 2 4 40 3 5)"
"空手被打_2378_2_2(1 2 0 0 1 16 0 1[57)"
"拿剑被打_2378_6_6(1 2 0 0 1 16 0 1[57)"
"斧头被打_2378_13_13(1 2 0 0 1 16 0 1[57)"
"拿弓被打_2378_22_22(1 2 0 0 1 16 0 1[57)"
"拿矛被打_2378_26_26(1 2 0 0 1 16 0 1[57)"
"拿杖被打_2378_42_42(1 2 0 0 1 16 0 1[57)"
"匕首被打_2378_48_48(1 2 0 0 1 16 0 1[57)"
"双手剑被打_2378_52_52(1 2 0 0 1 16 0 1[57)"
"双刀被打_2378_56_56(1 2 0 0 1 16 0 1[57)"
"双爪被打_2378_60_60(1 2 0 0 1 16 0 1[57)"
"飞镖被打_2378_64_64(1 2 0 0 1 16 0 1[57)"
"空手攻击_2378_1_1(0 2 699 0 20 699 0 1]509!)"
"拿剑攻击_2378_5_5(0 2 699 0 20 699 0 1]509!)"
"斧头攻击_2378_12_12(0 2 699 0 20 699 0 1]509!)"
"拿杖攻击_2378_41_41(0 2 699 0 20 699 0 1]509!)"
"匕首攻击_2378_47_47(0 2 699 0 20 699 0 1]509!)"
"双手剑攻击_2378_51_51(0 2 699 0 27 699 0 1]509!)"
"双刀攻击_2378_55_55(0 2 699 0 20 699 0 1]509!)"
"双爪攻击_2378_59_59(0 2 699 0 20 699 0 1]509!)"
"有向魔法_2378_18_18(1 1 -1.0:0)"
"无向魔法_2378_19_19(1 1 -1.0:0)"
"影子图档宣告_128_S_700 102(0)"
#2323妖魔巡守
"图档宣告_2323_P_700=790"
"空手走速_2323_0_0(1 4 0 0 4 0 1 4 0 2 4 0 3 4)"
"拿剑走速_2323_4_4(1 4 0 0 4 0 1 4 0 2 4 0 3 4)"
"斧头走速_2323_11_11(1 4 0 0 4 0 1 4 0 2 4 0 3 4)"
"拿弓走速_2323_20_20(1 4 0 0 4 0 1 4 0 2 4 0 3 4)"
"拿矛走速_2323_24_24(1 4 0 0 4 0 1 4 0 2 4 0 3 4)"
"拿杖走速_2323_40_40(1 4 0 0 4 0 1 4 0 2 4 0 3 4)"
"匕首走速_2323_46_46(1 4 0 0 4 0 1 4 0 2 4 0 3 4)"
"双手剑走速_2323_50_50(1 4 0 0 4 0 1 4 0 2 4 0 3 4)"
"双刀走速_2323_54_54(1 4 0 0 4 0 1 4 0 2 4 0 3 4)"
"双爪走速_2323_58_58(1 4 0 0 4 0 1 4 0 2 4 0 3 4)"
"飞镖走速_2323_62_62(1 4 0 0 4 0 1 4 0 2 4 0 3 4)"
"空手被打_2323_2_2(1 2 0 0 1 16 0 1[51)"
"拿剑被打_2323_6_6(1 2 0 0 1 16 0 1[51)"
"斧头被打_2323_13_13(1 2 0 0 1 16 0 1[51)"
"拿弓被打_2323_22_22(1 2 0 0 1 16 0 1[51)"
"拿矛被打_2323_26_26(1 2 0 0 1 16 0 1[51)"
"拿杖被打_2323_42_42(1 2 0 0 1 16 0 1[51)"
"匕首被打_2323_48_48(1 2 0 0 1 16 0 1[51)"
"双手剑被打_2323_52_52(1 2 0 0 1 16 0 1[51)"
"双刀被打_2323_56_56(1 2 0 0 1 16 0 1[51)"
"双爪被打_2323_60_60(1 2 0 0 1 16 0 1[51)"
"飞镖被打_2323_64_64(1 2 0 0 1 16 0 1[51)"
"拿弓攻击_2323_21_21(0 2 699 0 20 699 0 4]512!)"
"飞镖攻击_2323_63_63(0 2 699 0 20 699 0 4]512!)"
"有向魔法_2323_18_18(1 1 -1.0:0)"
"无向魔法_2323_19_19(1 1 -1.0:0)"
"影子图档宣告_791_S_700 102(0)"
#6140黑暗精灵(新)
"图档宣告_6140_P_700=1125"
"空手走速_6140_0_0(1 4 0 0 4 0 1 4 0 2 4 0 3 4)"
"拿剑走速_6140_4_4(1 4 0 0 4 0 1 4 0 2 4 0 3 4)"
"斧头走速_6140_11_11(1 4 0 0 4 0 1 4 0 2 4 0 3 4)"
"拿弓走速_6140_20_20(1 4 0 0 4 0 1 4 0 2 4 0 3 4)"
"拿矛走速_6140_24_24(1 4 0 0 4 0 1 4 0 2 4 0 3 4)"
"拿杖走速_6140_40_40(1 4 0 0 4 0 1 4 0 2 4 0 3 4)"
"匕首走速_6140_46_46(1 4 0 0 4 0 1 4 0 2 4 0 3 4)"
"双手剑走速_6140_50_50(1 4 0 0 4 0 1 4 0 2 4 0 3 4)"
"双刀走速_6140_54_54(1 4 0 0 4 0 1 4 0 2 4 0 3 4)"
"双爪走速_6140_58_58(1 4 0 0 4 0 1 4 0 2 4 0 3 4)"
"飞镖走速_6140_62_62(1 4 0 0 4 0 1 4 0 2 4 0 3 4)"
"空手被打_6140_2_2(1 2 24 0 1 32 1 1)"
"拿剑被打_6140_6_6(1 2 24 0 1 32 1 1)"
"斧头被打_6140_13_13(1 2 24 0 1 32 1 1)"
"拿弓被打_6140_22_22(1 2 24 0 1 32 1 1)"
"拿矛被打_6140_26_26(1 2 24 0 1 32 1 1)"
"拿杖被打_6140_42_42(1 2 24 0 1 32 1 1)"
"匕首被打_6140_48_48(1 2 24 0 1 32 1 1)"
"双手剑被打_6140_52_52(1 2 24 0 1 32 1 1)"
"双刀被打_6140_56_56(1 2 24 0 1 32 1 1)"
"双爪被打_6140_60_60(1 2 24 0 1 32 1 1)"
"飞镖被打_6140_64_64(1 2 24 0 1 32 1 1)"
"拿弓攻击_6140_21_21(0 2 699 0 18 699 0 1]515!)"
"飞镖攻击_6140_63_63(0 2 699 0 18 699 0 1]515!)"
"有向魔法_6140_18_18(1 1 -1.0:0)"
"无向魔法_6140_19_19(1 1 -1.0:0)"
"影子图档宣告_1126_S_700 102(0)"
#6145黑暗精灵(55)
"图档宣告_6145_P_700=1125"
"空手走速_6145_0_0(1 4 0 0 4 0 1 4 0 2 4 0 3 4)"
"拿剑走速_6145_4_4(1 4 0 0 4 0 1 4 0 2 4 0 3 4)"
"斧头走速_6145_11_11(1 4 0 0 4 0 1 4 0 2 4 0 3 4)"
"拿弓走速_6145_20_20(1 4 0 0 4 0 1 4 0 2 4 0 3 4)"
"拿矛走速_6145_24_24(1 4 0 0 4 0 1 4 0 2 4 0 3 4)"
"拿杖走速_6145_40_40(1 4 0 0 4 0 1 4 0 2 4 0 3 4)"
"匕首走速_6145_46_46(1 4 0 0 4 0 1 4 0 2 4 0 3 4)"
"双手剑走速_6145_50_50(1 4 0 0 4 0 1 4 0 2 4 0 3 4)"
"双刀走速_6145_54_54(1 4 0 0 4 0 1 4 0 2 4 0 3 4)"
"双爪走速_6145_58_58(1 4 0 0 4 0 1 4 0 2 4 0 3 4)"
"飞镖走速_6145_62_62(1 4 0 0 4 0 1 4 0 2 4 0 3 4)"
"空手被打_6145_2_2(1 2 24 0 1 32 1 1)"
"拿剑被打_6145_6_6(1 2 24 0 1 32 1 1)"
"斧头被打_6145_13_13(1 2 24 0 1 32 1 1)"
"拿弓被打_6145_22_22(1 2 24 0 1 32 1 1)"
"拿矛被打_6145_26_26(1 2 24 0 1 32 1 1)"
"拿杖被打_6145_42_42(1 2 24 0 1 32 1 1)"
"匕首被打_6145_48_48(1 2 24 0 1 32 1 1)"
"双手剑被打_6145_52_52(1 2 24 0 1 32 1 1)"
"双刀被打_6145_56_56(1 2 24 0 1 32 1 1)"
"双爪被打_6145_60_60(1 2 24 0 1 32 1 1)"
"飞镖被打_6145_64_64(1 2 24 0 1 32 1 1)"
"拿弓攻击_6145_21_21(0 2 699 0 17 699 0 1]515!)"
"飞镖攻击_6145_63_63(0 2 699 0 17 699 0 1]515!)"
"有向魔法_6145_18_18(1 1 -1.0:0)"
"无向魔法_6145_19_19(1 1 -1.0:0)"
"影子图档宣告_1126_S_700 102(0)"
#6150黑暗精灵(60)
"图档宣告_6150_P_700=1125"
"空手走速_6150_0_0(1 4 0 0 4 0 1 4 0 2 4 0 3 4)"
"拿剑走速_6150_4_4(1 4 0 0 4 0 1 4 0 2 4 0 3 4)"
"斧头走速_6150_11_11(1 4 0 0 4 0 1 4 0 2 4 0 3 4)"
"拿弓走速_6150_20_20(1 4 0 0 4 0 1 4 0 2 4 0 3 4)"
"拿矛走速_6150_24_24(1 4 0 0 4 0 1 4 0 2 4 0 3 4)"
"拿杖走速_6150_40_40(1 4 0 0 4 0 1 4 0 2 4 0 3 4)"
"匕首走速_6150_46_46(1 4 0 0 4 0 1 4 0 2 4 0 3 4)"
"双手剑走速_6150_50_50(1 4 0 0 4 0 1 4 0 2 4 0 3 4)"
"双刀走速_6150_54_54(1 4 0 0 4 0 1 4 0 2 4 0 3 4)"
"双爪走速_6150_58_58(1 4 0 0 4 0 1 4 0 2 4 0 3 4)"
"飞镖走速_6150_62_62(1 4 0 0 4 0 1 4 0 2 4 0 3 4)"
"空手被打_6150_2_2(1 2 24 0 1 32 1 1)"
"拿剑被打_6150_6_6(1 2 24 0 1 32 1 1)"
"斧头被打_6150_13_13(1 2 24 0 1 32 1 1)"
"拿弓被打_6150_22_22(1 2 24 0 1 32 1 1)"
"拿矛被打_6150_26_26(1 2 24 0 1 32 1 1)"
"拿杖被打_6150_42_42(1 2 24 0 1 32 1 1)"
"匕首被打_6150_48_48(1 2 24 0 1 32 1 1)"
"双手剑被打_6150_52_52(1 2 24 0 1 32 1 1)"
"双刀被打_6150_56_56(1 2 24 0 1 32 1 1)"
"双爪被打_6150_60_60(1 2 24 0 1 32 1 1)"
"飞镖被打_6150_64_64(1 2 24 0 1 32 1 1)"
"拿弓攻击_6150_21_21(0 2 699 0 17 699 0 1]515!)"
"飞镖攻击_6150_63_63(0 2 699 0 17 699 0 1]515!)"
"有向魔法_6150_18_18(1 1 -1.0:0)"
"无向魔法_6150_19_19(1 1 -1.0:0)"
"影子图档宣告_1126_S_700 102(0)"
#6155黑暗精灵(65)
"图档宣告_6155_P_700=1125"
"空手走速_6155_0_0(1 4 0 0 4 0 1 4 0 2 4 0 3 4)"
"拿剑走速_6155_4_4(1 4 0 0 4 0 1 4 0 2 4 0 3 4)"
"斧头走速_6155_11_11(1 4 0 0 4 0 1 4 0 2 4 0 3 4)"
"拿弓走速_6155_20_20(1 4 0 0 4 0 1 4 0 2 4 0 3 4)"
"拿矛走速_6155_24_24(1 4 0 0 4 0 1 4 0 2 4 0 3 4)"
"拿杖走速_6155_40_40(1 4 0 0 4 0 1 4 0 2 4 0 3 4)"
"匕首走速_6155_46_46(1 4 0 0 4 0 1 4 0 2 4 0 3 4)"
"双手剑走速_6155_50_50(1 4 0 0 4 0 1 4 0 2 4 0 3 4)"
"双刀走速_6155_54_54(1 4 0 0 4 0 1 4 0 2 4 0 3 4)"
"双爪走速_6155_58_58(1 4 0 0 4 0 1 4 0 2 4 0 3 4)"
"飞镖走速_6155_62_62(1 4 0 0 4 0 1 4 0 2 4 0 3 4)"
"空手被打_6155_2_2(1 2 24 0 1 32 1 1)"
"拿剑被打_6155_6_6(1 2 24 0 1 32 1 1)"
"斧头被打_6155_13_13(1 2 24 0 1 32 1 1)"
"拿弓被打_6155_22_22(1 2 24 0 1 32 1 1)"
"拿矛被打_6155_26_26(1 2 24 0 1 32 1 1)"
"拿杖被打_6155_42_42(1 2 24 0 1 32 1 1)"
"匕首被打_6155_48_48(1 2 24 0 1 32 1 1)"
"双手剑被打_6155_52_52(1 2 24 0 1 32 1 1)"
"双刀被打_6155_56_56(1 2 24 0 1 32 1 1)"
"双爪被打_6155_60_60(1 2 24 0 1 32 1 1)"
"飞镖被打_6155_64_64(1 2 24 0 1 32 1 1)"
"拿弓攻击_6155_21_21(0 2 699 0 17 699 0 1]515!)"
"飞镖攻击_6155_63_63(0 2 699 0 17 699 0 1]515!)"
"有向魔法_6155_18_18(1 1 -1.0:0)"
"无向魔法_6155_19_19(1 1 -1.0:0)"
"影子图档宣告_1126_S_700 102(0)"
#6160黑暗精灵(70)
"图档宣告_6160_P_700=1125"
"空手走速_6160_0_0(1 4 0 0 4 0 1 4 0 2 4 0 3 4)"
"拿剑走速_6160_4_4(1 4 0 0 4 0 1 4 0 2 4 0 3 4)"
"斧头走速_6160_11_11(1 4 0 0 4 0 1 4 0 2 4 0 3 4)"
"拿弓走速_6160_20_20(1 4 0 0 4 0 1 4 0 2 4 0 3 4)"
"拿矛走速_6160_24_24(1 4 0 0 4 0 1 4 0 2 4 0 3 4)"
"拿杖走速_6160_40_40(1 4 0 0 4 0 1 4 0 2 4 0 3 4)"
"匕首走速_6160_46_46(1 4 0 0 4 0 1 4 0 2 4 0 3 4)"
"双手剑走速_6160_50_50(1 4 0 0 4 0 1 4 0 2 4 0 3 4)"
"双刀走速_6160_54_54(1 4 0 0 4 0 1 4 0 2 4 0 3 4)"
"双爪走速_6160_58_58(1 4 0 0 4 0 1 4 0 2 4 0 3 4)"
"飞镖走速_6160_62_62(1 4 0 0 4 0 1 4 0 2 4 0 3 4)"
"空手被打_6160_2_2(1 2 24 0 1 32 1 1)"
"拿剑被打_6160_6_6(1 2 24 0 1 32 1 1)"
"斧头被打_6160_13_13(1 2 24 0 1 32 1 1)"
"拿弓被打_6160_22_22(1 2 24 0 1 32 1 1)"
"拿矛被打_6160_26_26(1 2 24 0 1 32 1 1)"
"拿杖被打_6160_42_42(1 2 24 0 1 32 1 1)"
"匕首被打_6160_48_48(1 2 24 0 1 32 1 1)"
"双手剑被打_6160_52_52(1 2 24 0 1 32 1 1)"
"双刀被打_6160_56_56(1 2 24 0 1 32 1 1)"
"双爪被打_6160_60_60(1 2 24 0 1 32 1 1)"
"飞镖被打_6160_64_64(1 2 24 0 1 32 1 1)"
"拿弓攻击_6160_21_21(0 2 699 0 17 699 0 1]515!)"
"飞镖攻击_6160_63_63(0 2 699 0 17 699 0 1]515!)"
"有向魔法_6160_18_18(1 1 -1.0:0)"
"无向魔法_6160_19_19(1 1 -1.0:0)"
"影子图档宣告_1126_S_700 102(0)"
#2384思克巴
"图档宣告_2384_P_700=1112"
"空手走速_2384_0_0(1 4 0 0 4 0 2 4 0 4 4 0 6 4)"
"拿剑走速_2384_4_4(1 4 0 0 4 0 2 4 0 4 4 0 6 4)"
"斧头走速_2384_11_11(1 4 0 0 4 0 2 4 0 4 4 0 6 4)"
"拿弓走速_2384_20_20(1 4 0 0 4 0 2 4 0 4 4 0 6 4)"
"拿矛走速_2384_24_24(1 4 0 0 4 0 2 4 0 4 4 0 6 4)"
"拿杖走速_2384_40_40(1 4 0 0 4 0 2 4 0 4 4 0 6 4)"
"匕首走速_2384_46_46(1 4 0 0 4 0 2 4 0 4 4 0 6 4)"
"双手剑走速_2384_50_50(1 4 0 0 4 0 2 4 0 4 4 0 6 4)"
"双刀走速_2384_54_54(1 4 0 0 4 0 2 4 0 4 4 0 6 4)"
"双爪走速_2384_58_58(1 4 0 0 4 0 2 4 0 4 4 0 6 4)"
"飞镖走速_2384_62_62(1 4 0 0 4 0 2 4 0 4 4 0 6 4)"
"空手被打_2384_2_2(1 2 8 0 1 32 0 1[282)"
"拿剑被打_2384_6_6(1 2 8 0 1 32 0 1[282)"
"斧头被打_2384_13_13(1 2 8 0 1 32 0 1[282)"
"拿弓被打_2384_22_22(1 2 8 0 1 32 0 1[282)"
"拿矛被打_2384_26_26(1 2 8 0 1 32 0 1[282)"
"拿杖被打_2384_42_42(1 2 8 0 1 32 0 1[282)"
"匕首被打_2384_48_48(1 2 8 0 1 32 0 1[282)"
"双手剑被打_2384_52_52(1 2 8 0 1 32 0 1[282)"
"双刀被打_2384_56_56(1 2 8 0 1 32 0 1[282)"
"双爪被打_2384_60_60(1 2 8 0 1 32 0 1[282)"
"飞镖被打_2384_64_64(1 2 8 0 1 32 0 1[282)"
"空手攻击_2384_1_1(0 2 699 0 19 699 0 1]518!)"
"拿剑攻击_2384_5_5(0 2 699 0 19 699 0 1]518!)"
"斧头攻击_2384_12_12(0 2 699 0 19 699 0 1]518!)"
"拿杖攻击_2384_41_41(0 2 699 0 19 699 0 1]518!)"
"匕首攻击_2384_47_47(0 2 699 0 19 699 0 1]518!)"
"双手剑攻击_2384_51_51(0 2 699 0 27 699 0 1]518!)"
"双刀攻击_2384_55_55(0 2 699 0 19 699 0 1]518!)"
"双爪攻击_2384_59_59(0 2 699 0 19 699 0 1]518!)"
"有向魔法_2384_18_18(1 1 -1.0:0)"
"无向魔法_2384_19_19(1 1 -1.0:0)"
"影子图档宣告_1113_S_700 102(0)"
"光影图档宣告_1114_S_700 102(0) 104(8)"
#3101克特
"图档宣告_3101_P_700=111"
"空手走速_3101_0_0(1 4 40 0 4 40 1 4 40 2 4 40 3 4)"
"拿剑走速_3101_4_4(1 4 40 0 4 40 1 4 40 2 4 40 3 4)"
"斧头走速_3101_11_11(1 4 40 0 4 40 1 4 40 2 4 40 3 4)"
"拿弓走速_3101_20_20(1 4 40 0 4 40 1 4 40 2 4 40 3 4)"
"拿矛走速_3101_24_24(1 4 40 0 4 40 1 4 40 2 4 40 3 4)"
"拿杖走速_3101_40_40(1 4 40 0 4 40 1 4 40 2 4 40 3 4)"
"匕首走速_3101_46_46(1 4 40 0 4 40 1 4 40 2 4 40 3 4)"
"双手剑走速_3101_50_50(1 4 40 0 4 40 1 4 40 2 4 40 3 4)"
"双刀走速_3101_54_54(1 4 40 0 4 40 1 4 40 2 4 40 3 4)"
"双爪走速_3101_58_58(1 4 40 0 4 40 1 4 40 2 4 40 3 4)"
"飞镖走速_3101_62_62(1 4 40 0 4 40 1 4 40 2 4 40 3 4)"
"空手被打_3101_2_2(1 2 0 0 1 16 0 1[29)"
"拿剑被打_3101_6_6(1 2 0 0 1 16 0 1[29)"
"斧头被打_3101_13_13(1 2 0 0 1 16 0 1[29)"
"拿弓被打_3101_22_22(1 2 0 0 1 16 0 1[29)"
"拿矛被打_3101_26_26(1 2 0 0 1 16 0 1[29)"
"拿杖被打_3101_42_42(1 2 0 0 1 16 0 1[29)"
"匕首被打_3101_48_48(1 2 0 0 1 16 0 1[29)"
"双手剑被打_3101_52_52(1 2 0 0 1 16 0 1[29)"
"双刀被打_3101_56_56(1 2 0 0 1 16 0 1[29)"
"双爪被打_3101_60_60(1 2 0 0 1 16 0 1[29)"
"飞镖被打_3101_64_64(1 2 0 0 1 16 0 1[29)"
"空手攻击_3101_1_1(0 2 699 0 16 699 0 1]520!)"
"拿剑攻击_3101_5_5(0 2 699 0 16 699 0 1]520!)"
"斧头攻击_3101_12_12(0 2 699 0 16 699 0 1]520!)"
"拿杖攻击_3101_41_41(0 2 699 0 16 699 0 1]520!)"
"匕首攻击_3101_47_47(0 2 699 0 16 699 0 1]520!)"
"双手剑攻击_3101_51_51(0 2 699 0 21 699 0 1]520!)"
"双刀攻击_3101_55_55(0 2 699 0 19 699 0 1]625!)"
"双爪攻击_3101_59_59(0 2 699 0 19 699 0 1]625!)"
"有向魔法_3101_18_18(1 1 -1.0:0)"
"无向魔法_3101_19_19(1 1 -1.0:0)"
"影子图档宣告_112_S_700 102(0)"
#3126火焰弓箭手
"图档宣告_3126_P_700=1832"
"空手走速_3126_0_0(1 6 0 0 3 0 2 3 0 4 3 0 6 3 0 8 2 0 10 2)"
"拿剑走速_3126_4_4(1 6 0 0 3 0 2 3 0 4 3 0 6 3 0 8 2 0 10 2)"
"斧头走速_3126_11_11(1 6 0 0 3 0 2 3 0 4 3 0 6 3 0 8 2 0 10 2)"
"拿弓走速_3126_20_20(1 6 0 0 3 0 2 3 0 4 3 0 6 3 0 8 2 0 10 2)"
"拿矛走速_3126_24_24(1 6 0 0 3 0 2 3 0 4 3 0 6 3 0 8 2 0 10 2)"
"拿杖走速_3126_40_40(1 6 0 0 3 0 2 3 0 4 3 0 6 3 0 8 2 0 10 2)"
"匕首走速_3126_46_46(1 6 0 0 3 0 2 3 0 4 3 0 6 3 0 8 2 0 10 2)"
"双手剑走速_3126_50_50(1 6 0 0 3 0 2 3 0 4 3 0 6 3 0 8 2 0 10 2)"
"双刀走速_3126_54_54(1 6 0 0 3 0 2 3 0 4 3 0 6 3 0 8 2 0 10 2)"
"双爪走速_3126_58_58(1 6 0 0 3 0 2 3 0 4 3 0 6 3 0 8 2 0 10 2)"
"飞镖走速_3126_62_62(1 6 0 0 3 0 2 3 0 4 3 0 6 3 0 8 2 0 10 2)"
"空手被打_3126_2_2(1 2 8 0 1 32 0 1[676[677)"
"拿剑被打_3126_6_6(1 2 8 0 1 32 0 1[676[677)"
"斧头被打_3126_13_13(1 2 8 0 1 32 0 1[676[677)"
"拿弓被打_3126_22_22(1 2 8 0 1 32 0 1[676[677)"
"拿矛被打_3126_26_26(1 2 8 0 1 32 0 1[676[677)"
"拿杖被打_3126_42_42(1 2 8 0 1 32 0 1[676[677)"
"匕首被打_3126_48_48(1 2 8 0 1 32 0 1[676[677)"
"双手剑被打_3126_52_52(1 2 8 0 1 32 0 1[676[677)"
"双刀被打_3126_56_56(1 2 8 0 1 32 0 1[676[677)"
"双爪被打_3126_60_60(1 2 8 0 1 32 0 1[676[677)"
"飞镖被打_3126_64_64(1 2 8 0 1 32 0 1[676[677)"
"拿弓攻击_3126_21_21(0 2 699 0 18 699 0 3]522!)"
"飞镖攻击_3126_63_63(0 2 699 0 20 699 0 2]522!)"
"有向魔法_3126_18_18(1 1 -1.0:0)"
"无向魔法_3126_19_19(1 1 -1.0:0)"
"影子图档宣告_1833_S_700 102(0)"
"光影图档宣告_1834_S_700 102(0) 104(8)"
#3634刺客
"图档宣告_3634_P_700=2966"
"空手走速_3634_0_0(1 6 0 0 3 0 2 3 0 4 3 0 6 3 0 8 3 0 10 3)"
"拿剑走速_3634_4_4(1 6 0 0 3 0 2 3 0 4 3 0 6 3 0 8 3 0 10 3)"
"斧头走速_3634_11_11(1 6 0 0 3 0 2 3 0 4 3 0 6 3 0 8 3 0 10 3)"
"拿弓走速_3634_20_20(1 6 0 0 3 0 2 3 0 4 3 0 6 3 0 8 3 0 10 3)"
"拿矛走速_3634_24_24(1 6 0 0 3 0 2 3 0 4 3 0 6 3 0 8 3 0 10 3)"
"拿杖走速_3634_40_40(1 6 0 0 3 0 2 3 0 4 3 0 6 3 0 8 3 0 10 3)"
"匕首走速_3634_46_46(1 6 0 0 3 0 2 3 0 4 3 0 6 3 0 8 3 0 10 3)"
"双手剑走速_3634_50_50(1 6 0 0 3 0 2 3 0 4 3 0 6 3 0 8 3 0 10 3)"
"双刀走速_3634_54_54(1 6 0 0 3 0 2 3 0 4 3 0 6 3 0 8 3 0 10 3)"
"双爪走速_3634_58_58(1 6 0 0 3 0 2 3 0 4 3 0 6 3 0 8 3 0 10 3)"
"飞镖走速_3634_62_62(1 6 0 0 3 0 2 3 0 4 3 0 6 3 0 8 3 0 10 3)"
"空手被打_3634_2_2(1 2 8 0 1 24 0 1[1314)"
"拿剑被打_3634_6_6(1 2 8 0 1 24 0 1[1314)"
"斧头被打_3634_13_13(1 2 8 0 1 24 0 1[1314)"
"拿弓被打_3634_22_22(1 2 8 0 1 24 0 1[1314)"
"拿矛被打_3634_26_26(1 2 8 0 1 24 0 1[1314)"
"拿杖被打_3634_42_42(1 2 8 0 1 24 0 1[1314)"
"匕首被打_3634_48_48(1 2 8 0 1 24 0 1[1314)"
"双手剑被打_3634_52_52(1 2 8 0 1 24 0 1[1314)"
"双刀被打_3634_56_56(1 2 8 0 1 24 0 1[1314)"
"双爪被打_3634_60_60(1 2 8 0 1 24 0 1[1314)"
"飞镖被打_3634_64_64(1 2 8 0 1 24 0 1[1314)"
"空手攻击_3634_1_1(0 2 699 0 16 699 0 1]524!)"
"拿剑攻击_3634_5_5(0 2 699 0 19 699 0 1]524!)"
"斧头攻击_3634_12_12(0 2 699 0 16 699 0 1]524!)"
"拿杖攻击_3634_41_41(0 2 699 0 16 699 0 1]524!)"
"匕首攻击_3634_47_47(0 2 699 0 16 699 0 1]524!)"
"双手剑攻击_3634_51_51(0 2 699 0 29 699 0 1]524!)"
"双刀攻击_3634_55_55(0 2 699 0 17 699 0 1]524!)"
"双爪攻击_3634_59_59(0 2 699 0 17 699 0 1]524!)"
"有向魔法_3634_18_18(1 1 -1.0:0)"
"无向魔法_3634_19_19(1 1 -1.0:0)"
"影子图档宣告_2967_S_700 102(0)"
#6137死亡骑士(新)
"图档宣告_6137_P_700=240"
"空手走速_6137_0_0(1 4 8 0 4<479 8 1 4 8 2 4<478 8 3 4)"
"拿剑走速_6137_4_4(1 4 8 0 4<479 8 1 4 8 2 4<478 8 3 4)"
"斧头走速_6137_11_11(1 4 8 0 4<479 8 1 4 8 2 4<478 8 3 4)"
"拿弓走速_6137_20_20(1 4 8 0 4<479 8 1 4 8 2 4<478 8 3 4)"
"拿矛走速_6137_24_24(1 4 8 0 4<479 8 1 4 8 2 4<478 8 3 4)"
"拿杖走速_6137_40_40(1 4 8 0 4<479 8 1 4 8 2 4<478 8 3 4)"
"匕首走速_6137_46_46(1 4 8 0 4<479 8 1 4 8 2 4<478 8 3 4)"
"双手剑走速_6137_50_50(1 4 8 0 4<479 8 1 4 8 2 4<478 8 3 4)"
"双刀走速_6137_54_54(1 4 8 0 4<479 8 1 4 8 2 4<478 8 3 4)"
"双爪走速_6137_58_58(1 4 8 0 4<479 8 1 4 8 2 4<478 8 3 4)"
"飞镖走速_6137_62_62(1 4 8 0 4<479 8 1 4 8 2 4<478 8 3 4)"
"空手被打_6137_2_2(1 2 0 0 1 48 0 1[88)"
"拿剑被打_6137_6_6(1 2 0 0 1 48 0 1[88)"
"斧头被打_6137_13_13(1 2 0 0 1 48 0 1[88)"
"拿弓被打_6137_22_22(1 2 0 0 1 48 0 1[88)"
"拿矛被打_6137_26_26(1 2 0 0 1 48 0 1[88)"
"拿杖被打_6137_42_42(1 2 0 0 1 48 0 1[88)"
"匕首被打_6137_48_48(1 2 0 0 1 48 0 1[88)"
"双手剑被打_6137_52_52(1 2 0 0 1 48 0 1[88)"
"双刀被打_6137_56_56(1 2 0 0 1 48 0 1[88)"
"双爪被打_6137_60_60(1 2 0 0 1 48 0 1[88)"
"飞镖被打_6137_64_64(1 2 0 0 1 48 0 1[88)"
"空手攻击_6137_1_1(0 2 699 0 13 699 0 1]527!)"
"拿剑攻击_6137_5_5(0 2 699 0 14 699 0 1]527!)"
"斧头攻击_6137_12_12(0 2 699 0 16 699 0 1]527!)"
"拿杖攻击_6137_41_41(0 2 699 0 14 699 0 1]527!)"
"匕首攻击_6137_47_47(0 2 699 0 13 699 0 1]527!)"
"双手剑攻击_6137_51_51(0 2 699 0 19 699 0 1]529!)"
"双刀攻击_6137_55_55(0 2 699 0 14 699 0 1]627!)"
"双爪攻击_6137_59_59(0 2 699 0 14 699 0 1]627!)"
"有向魔法_6137_18_18(1 1 -1.0:0)"
"无向魔法_6137_19_19(1 1 -1.0:0)"
"影子图档宣告_241_S_700 102(0)"
"光刀图档宣告_242_S_700 102(0) 104(8)"
#6142死亡骑士55
"图档宣告_6142_P_700=240"
"空手走速_6142_0_0(1 4 8 0 4<479 8 1 4 8 2 4<478 8 3 4)"
"拿剑走速_6142_4_4(1 4 8 0 4<479 8 1 4 8 2 4<478 8 3 4)"
"斧头走速_6142_11_11(1 4 8 0 4<479 8 1 4 8 2 4<478 8 3 4)"
"拿弓走速_6142_20_20(1 4 8 0 4<479 8 1 4 8 2 4<478 8 3 4)"
"拿矛走速_6142_24_24(1 4 8 0 4<479 8 1 4 8 2 4<478 8 3 4)"
"拿杖走速_6142_40_40(1 4 8 0 4<479 8 1 4 8 2 4<478 8 3 4)"
"匕首走速_6142_46_46(1 4 8 0 4<479 8 1 4 8 2 4<478 8 3 4)"
"双手剑走速_6142_50_50(1 4 8 0 4<479 8 1 4 8 2 4<478 8 3 4)"
"双刀走速_6142_54_54(1 4 8 0 4<479 8 1 4 8 2 4<478 8 3 4)"
"双爪走速_6142_58_58(1 4 8 0 4<479 8 1 4 8 2 4<478 8 3 4)"
"飞镖走速_6142_62_62(1 4 8 0 4<479 8 1 4 8 2 4<478 8 3 4)"
"空手被打_6142_2_2(1 2 0 0 1 48 0 1[88)"
"拿剑被打_6142_6_6(1 2 0 0 1 48 0 1[88)"
"斧头被打_6142_13_13(1 2 0 0 1 48 0 1[88)"
"拿弓被打_6142_22_22(1 2 0 0 1 48 0 1[88)"
"拿矛被打_6142_26_26(1 2 0 0 1 48 0 1[88)"
"拿杖被打_6142_42_42(1 2 0 0 1 48 0 1[88)"
"匕首被打_6142_48_48(1 2 0 0 1 48 0 1[88)"
"双手剑被打_6142_52_52(1 2 0 0 1 48 0 1[88)"
"双刀被打_6142_56_56(1 2 0 0 1 48 0 1[88)"
"双爪被打_6142_60_60(1 2 0 0 1 48 0 1[88)"
"飞镖被打_6142_64_64(1 2 0 0 1 48 0 1[88)"
"空手攻击_6142_1_1(0 2 699 0 12 699 0 1]527!)"
"拿剑攻击_6142_5_5(0 2 699 0 13 699 0 1]527!)"
"斧头攻击_6142_12_12(0 2 699 0 15 699 0 1]527!)"
"拿杖攻击_6142_41_41(0 2 699 0 13 699 0 1]527!)"
"匕首攻击_6142_47_47(0 2 699 0 12 699 0 1]527!)"
"双手剑攻击_6142_51_51(0 2 699 0 17 699 0 1]529!)"
"双刀攻击_6142_55_55(0 2 699 0 13 699 0 1]627!)"
"双爪攻击_6142_59_59(0 2 699 0 13 699 0 1]627!)"
"有向魔法_6142_18_18(1 1 -1.0:0)"
"无向魔法_6142_19_19(1 1 -1.0:0)"
"影子图档宣告_241_S_700 102(0)"
"光刀图档宣告_242_S_700 102(0) 104(8)"
#6147死亡骑士60
"图档宣告_6147_P_700=240"
"空手走速_6147_0_0(1 4 8 0 4<479 8 1 4 8 2 4<478 8 3 4)"
"拿剑走速_6147_4_4(1 4 8 0 4<479 8 1 4 8 2 4<478 8 3 4)"
"斧头走速_6147_11_11(1 4 8 0 4<479 8 1 4 8 2 4<478 8 3 4)"
"拿弓走速_6147_20_20(1 4 8 0 4<479 8 1 4 8 2 4<478 8 3 4)"
"拿矛走速_6147_24_24(1 4 8 0 4<479 8 1 4 8 2 4<478 8 3 4)"
"拿杖走速_6147_40_40(1 4 8 0 4<479 8 1 4 8 2 4<478 8 3 4)"
"匕首走速_6147_46_46(1 4 8 0 4<479 8 1 4 8 2 4<478 8 3 4)"
"双手剑走速_6147_50_50(1 4 8 0 4<479 8 1 4 8 2 4<478 8 3 4)"
"双刀走速_6147_54_54(1 4 8 0 4<479 8 1 4 8 2 4<478 8 3 4)"
"双爪走速_6147_58_58(1 4 8 0 4<479 8 1 4 8 2 4<478 8 3 4)"
"飞镖走速_6147_62_62(1 4 8 0 4<479 8 1 4 8 2 4<478 8 3 4)"
"空手被打_6147_2_2(1 2 0 0 1 48 0 1[88)"
"拿剑被打_6147_6_6(1 2 0 0 1 48 0 1[88)"
"斧头被打_6147_13_13(1 2 0 0 1 48 0 1[88)"
"拿弓被打_6147_22_22(1 2 0 0 1 48 0 1[88)"
"拿矛被打_6147_26_26(1 2 0 0 1 48 0 1[88)"
"拿杖被打_6147_42_42(1 2 0 0 1 48 0 1[88)"
"匕首被打_6147_48_48(1 2 0 0 1 48 0 1[88)"
"双手剑被打_6147_52_52(1 2 0 0 1 48 0 1[88)"
"双刀被打_6147_56_56(1 2 0 0 1 48 0 1[88)"
"双爪被打_6147_60_60(1 2 0 0 1 48 0 1[88)"
"飞镖被打_6147_64_64(1 2 0 0 1 48 0 1[88)"
"空手攻击_6147_1_1(0 2 699 0 12 699 0 1]527!)"
"拿剑攻击_6147_5_5(0 2 699 0 13 699 0 1]527!)"
"斧头攻击_6147_12_12(0 2 699 0 15 699 0 1]527!)"
"拿杖攻击_6147_41_41(0 2 699 0 13 699 0 1]527!)"
"匕首攻击_6147_47_47(0 2 699 0 12 699 0 1]527!)"
"双手剑攻击_6147_51_51(0 2 699 0 17 699 0 1]529!)"
"双刀攻击_6147_55_55(0 2 699 0 13 699 0 1]627!)"
"双爪攻击_6147_59_59(0 2 699 0 13 699 0 1]627!)"
"有向魔法_6147_18_18(1 1 -1.0:0)"
"无向魔法_6147_19_19(1 1 -1.0:0)"
"影子图档宣告_241_S_700 102(0)"
"光刀图档宣告_242_S_700 102(0) 104(8)"
#6152死亡骑士65
"图档宣告_6152_P_700=240"
"空手走速_6152_0_0(1 4 8 0 4<479 8 1 4 8 2 4<478 8 3 4)"
"拿剑走速_6152_4_4(1 4 8 0 4<479 8 1 4 8 2 4<478 8 3 4)"
"斧头走速_6152_11_11(1 4 8 0 4<479 8 1 4 8 2 4<478 8 3 4)"
"拿弓走速_6152_20_20(1 4 8 0 4<479 8 1 4 8 2 4<478 8 3 4)"
"拿矛走速_6152_24_24(1 4 8 0 4<479 8 1 4 8 2 4<478 8 3 4)"
"拿杖走速_6152_40_40(1 4 8 0 4<479 8 1 4 8 2 4<478 8 3 4)"
"匕首走速_6152_46_46(1 4 8 0 4<479 8 1 4 8 2 4<478 8 3 4)"
"双手剑走速_6152_50_50(1 4 8 0 4<479 8 1 4 8 2 4<478 8 3 4)"
"双刀走速_6152_54_54(1 4 8 0 4<479 8 1 4 8 2 4<478 8 3 4)"
"双爪走速_6152_58_58(1 4 8 0 4<479 8 1 4 8 2 4<478 8 3 4)"
"飞镖走速_6152_62_62(1 4 8 0 4<479 8 1 4 8 2 4<478 8 3 4)"
"空手被打_6152_2_2(1 2 0 0 1 48 0 1[88)"
"拿剑被打_6152_6_6(1 2 0 0 1 48 0 1[88)"
"斧头被打_6152_13_13(1 2 0 0 1 48 0 1[88)"
"拿弓被打_6152_22_22(1 2 0 0 1 48 0 1[88)"
"拿矛被打_6152_26_26(1 2 0 0 1 48 0 1[88)"
"拿杖被打_6152_42_42(1 2 0 0 1 48 0 1[88)"
"匕首被打_6152_48_48(1 2 0 0 1 48 0 1[88)"
"双手剑被打_6152_52_52(1 2 0 0 1 48 0 1[88)"
"双刀被打_6152_56_56(1 2 0 0 1 48 0 1[88)"
"双爪被打_6152_60_60(1 2 0 0 1 48 0 1[88)"
"飞镖被打_6152_64_64(1 2 0 0 1 48 0 1[88)"
"空手攻击_6152_1_1(0 2 699 0 12 699 0 1]527!)"
"拿剑攻击_6152_5_5(0 2 699 0 13 699 0 1]527!)"
"斧头攻击_6152_12_12(0 2 699 0 15 699 0 1]527!)"
"拿杖攻击_6152_41_41(0 2 699 0 13 699 0 1]527!)"
"匕首攻击_6152_47_47(0 2 699 0 12 699 0 1]527!)"
"双手剑攻击_6152_51_51(0 2 699 0 17 699 0 1]529!)"
"双刀攻击_6152_55_55(0 2 699 0 13 699 0 1]627!)"
"双爪攻击_6152_59_59(0 2 699 0 13 699 0 1]627!)"
"有向魔法_6152_18_18(1 1 -1.0:0)"
"无向魔法_6152_19_19(1 1 -1.0:0)"
"影子图档宣告_241_S_700 102(0)"
"光刀图档宣告_242_S_700 102(0) 104(8)"
#6157死亡骑士70
"图档宣告_6157_P_700=240"
"空手走速_6157_0_0(1 4 8 0 4<479 8 1 4 8 2 4<478 8 3 4)"
"拿剑走速_6157_4_4(1 4 8 0 4<479 8 1 4 8 2 4<478 8 3 4)"
"斧头走速_6157_11_11(1 4 8 0 4<479 8 1 4 8 2 4<478 8 3 4)"
"拿弓走速_6157_20_20(1 4 8 0 4<479 8 1 4 8 2 4<478 8 3 4)"
"拿矛走速_6157_24_24(1 4 8 0 4<479 8 1 4 8 2 4<478 8 3 4)"
"拿杖走速_6157_40_40(1 4 8 0 4<479 8 1 4 8 2 4<478 8 3 4)"
"匕首走速_6157_46_46(1 4 8 0 4<479 8 1 4 8 2 4<478 8 3 4)"
"双手剑走速_6157_50_50(1 4 8 0 4<479 8 1 4 8 2 4<478 8 3 4)"
"双刀走速_6157_54_54(1 4 8 0 4<479 8 1 4 8 2 4<478 8 3 4)"
"双爪走速_6157_58_58(1 4 8 0 4<479 8 1 4 8 2 4<478 8 3 4)"
"飞镖走速_6157_62_62(1 4 8 0 4<479 8 1 4 8 2 4<478 8 3 4)"
"空手被打_6157_2_2(1 2 0 0 1 48 0 1[88)"
"拿剑被打_6157_6_6(1 2 0 0 1 48 0 1[88)"
"斧头被打_6157_13_13(1 2 0 0 1 48 0 1[88)"
"拿弓被打_6157_22_22(1 2 0 0 1 48 0 1[88)"
"拿矛被打_6157_26_26(1 2 0 0 1 48 0 1[88)"
"拿杖被打_6157_42_42(1 2 0 0 1 48 0 1[88)"
"匕首被打_6157_48_48(1 2 0 0 1 48 0 1[88)"
"双手剑被打_6157_52_52(1 2 0 0 1 48 0 1[88)"
"双刀被打_6157_56_56(1 2 0 0 1 48 0 1[88)"
"双爪被打_6157_60_60(1 2 0 0 1 48 0 1[88)"
"飞镖被打_6157_64_64(1 2 0 0 1 48 0 1[88)"
"空手攻击_6157_1_1(0 2 699 0 12 699 0 1]527!)"
"拿剑攻击_6157_5_5(0 2 699 0 13 699 0 1]527!)"
"斧头攻击_6157_12_12(0 2 699 0 15 699 0 1]527!)"
"拿杖攻击_6157_41_41(0 2 699 0 13 699 0 1]527!)"
"匕首攻击_6157_47_47(0 2 699 0 12 699 0 1]527!)"
"双手剑攻击_6157_51_51(0 2 699 0 17 699 0 1]529!)"
"双刀攻击_6157_55_55(0 2 699 0 13 699 0 1]627!)"
"双爪攻击_6157_59_59(0 2 699 0 13 699 0 1]627!)"
"有向魔法_6157_18_18(1 1 -1.0:0)"
"无向魔法_6157_19_19(1 1 -1.0:0)"
"影子图档宣告_241_S_700 102(0)"
"光刀图档宣告_242_S_700 102(0) 104(8)"
#3864妖魔斗士
"图档宣告_3864_P_700=94"
"空手走速_3864_0_0(1 4 0 0 4 0 1 4 0 2 4 0 3 4)"
"拿剑走速_3864_4_4(1 4 0 0 4 0 1 4 0 2 4 0 3 4)"
"斧头走速_3864_11_11(1 4 0 0 4 0 1 4 0 2 4 0 3 4)"
"拿弓走速_3864_20_20(1 4 0 0 4 0 1 4 0 2 4 0 3 4)"
"拿矛走速_3864_24_24(1 4 0 0 4 0 1 4 0 2 4 0 3 4)"
"拿杖走速_3864_40_40(1 4 0 0 4 0 1 4 0 2 4 0 3 4)"
"匕首走速_3864_46_46(1 4 0 0 4 0 1 4 0 2 4 0 3 4)"
"双手剑走速_3864_50_50(1 4 0 0 4 0 1 4 0 2 4 0 3 4)"
"双刀走速_3864_54_54(1 4 0 0 4 0 1 4 0 2 4 0 3 4)"
"双爪走速_3864_58_58(1 4 0 0 4 0 1 4 0 2 4 0 3 4)"
"飞镖走速_3864_62_62(1 4 0 0 4 0 1 4 0 2 4 0 3 4)"
"空手被打_3864_2_2(1 2 0 0 1 16 0 1[51)"
"拿剑被打_3864_6_6(1 2 0 0 1 16 0 1[51)"
"斧头被打_3864_13_13(1 2 0 0 1 16 0 1[51)"
"拿弓被打_3864_22_22(1 2 0 0 1 16 0 1[51)"
"拿矛被打_3864_26_26(1 2 0 0 1 16 0 1[51)"
"拿杖被打_3864_42_42(1 2 0 0 1 16 0 1[51)"
"匕首被打_3864_48_48(1 2 0 0 1 16 0 1[51)"
"双手剑被打_3864_52_52(1 2 0 0 1 16 0 1[51)"
"双刀被打_3864_56_56(1 2 0 0 1 16 0 1[51)"
"双爪被打_3864_60_60(1 2 0 0 1 16 0 1[51)"
"飞镖被打_3864_64_64(1 2 0 0 1 16 0 1[51)"
"空手攻击_3864_1_1(0 2 699 0 22 699 0 1]532!)"
"拿剑攻击_3864_5_5(0 2 699 0 22 699 0 1]532!)"
"斧头攻击_3864_12_12(0 2 699 0 22 699 0 1]532!)"
"拿杖攻击_3864_41_41(0 2 699 0 22 699 0 1]532!)"
"匕首攻击_3864_47_47(0 2 699 0 22 699 0 1]532!)"
"双手剑攻击_3864_51_51(0 2 699 0 31 699 0 1]532!)"
"双刀攻击_3864_55_55(0 2 699 0 22 699 0 1]532!)"
"双爪攻击_3864_59_59(0 2 699 0 22 699 0 1]532!)"
"有向魔法_3864_18_18(1 1 -1.0:0)"
"无向魔法_3864_19_19(1 1 -1.0:0)"
#3865狼人
"图档宣告_3865_P_700=1110"
"空手走速_3865_0_0(1 4 0 0 4 0 2 4 0 4 4 0 6 4)"
"拿剑走速_3865_4_4(1 4 0 0 4 0 2 4 0 4 4 0 6 4)"
"斧头走速_3865_11_11(1 4 0 0 4 0 2 4 0 4 4 0 6 4)"
"拿弓走速_3865_20_20(1 4 0 0 4 0 2 4 0 4 4 0 6 4)"
"拿矛走速_3865_24_24(1 4 0 0 4 0 2 4 0 4 4 0 6 4)"
"拿杖走速_3865_40_40(1 4 0 0 4 0 2 4 0 4 4 0 6 4)"
"匕首走速_3865_46_46(1 4 0 0 4 0 2 4 0 4 4 0 6 4)"
"双手剑走速_3865_50_50(1 4 0 0 4 0 2 4 0 4 4 0 6 4)"
"双刀走速_3865_54_54(1 4 0 0 4 0 2 4 0 4 4 0 6 4)"
"双爪走速_3865_58_58(1 4 0 0 4 0 2 4 0 4 4 0 6 4)"
"飞镖走速_3865_62_62(1 4 0 0 4 0 2 4 0 4 4 0 6 4)"
"空手被打_3865_2_2(1 2 24 0 1 32 0 1[70)"
"拿剑被打_3865_6_6(1 2 24 0 1 32 0 1[70)"
"斧头被打_3865_13_13(1 2 24 0 1 32 0 1[70)"
"拿弓被打_3865_22_22(1 2 24 0 1 32 0 1[70)"
"拿矛被打_3865_26_26(1 2 24 0 1 32 0 1[70)"
"拿杖被打_3865_42_42(1 2 24 0 1 32 0 1[70)"
"匕首被打_3865_48_48(1 2 24 0 1 32 0 1[70)"
"双手剑被打_3865_52_52(1 2 24 0 1 32 0 1[70)"
"双刀被打_3865_56_56(1 2 24 0 1 32 0 1[70)"
"双爪被打_3865_60_60(1 2 24 0 1 32 0 1[70)"
"飞镖被打_3865_64_64(1 2 24 0 1 32 0 1[70)"
"空手攻击_3865_1_1(0 2 699 0 20 699 0 1]534!)"
"拿剑攻击_3865_5_5(0 2 699 0 20 699 0 1]534!)"
"斧头攻击_3865_12_12(0 2 699 0 20 699 0 1]534!)"
"拿杖攻击_3865_41_41(0 2 699 0 20 699 0 1]534!)"
"匕首攻击_3865_47_47(0 2 699 0 20 699 0 1]534!)"
"双手剑攻击_3865_51_51(0 2 699 0 25 699 0 1]534!)"
"双刀攻击_3865_55_55(0 2 699 0 20 699 0 1]534!)"
"双爪攻击_3865_59_59(0 2 699 0 20 699 0 1]534!)"
"有向魔法_3865_18_18(1 1 -1.0:0)"
"无向魔法_3865_19_19(1 1 -1.0:0)"
"影子图档宣告_1111_S_700 102(0)"
#3874莱肯
"图档宣告_3874_P_700=1108"
"空手走速_3874_0_0(1 4 0 0 4 0 2 4 0 4 4 0 6 4)"
"拿剑走速_3874_4_4(1 4 0 0 4 0 2 4 0 4 4 0 6 4)"
"斧头走速_3874_11_11(1 4 0 0 4 0 2 4 0 4 4 0 6 4)"
"拿弓走速_3874_20_20(1 4 0 0 4 0 2 4 0 4 4 0 6 4)"
"拿矛走速_3874_24_24(1 4 0 0 4 0 2 4 0 4 4 0 6 4)"
"拿杖走速_3874_40_40(1 4 0 0 4 0 2 4 0 4 4 0 6 4)"
"匕首走速_3874_46_46(1 4 0 0 4 0 2 4 0 4 4 0 6 4)"
"双手剑走速_3874_50_50(1 4 0 0 4 0 2 4 0 4 4 0 6 4)"
"双刀走速_3874_54_54(1 4 0 0 4 0 2 4 0 4 4 0 6 4)"
"双爪走速_3874_58_58(1 4 0 0 4 0 2 4 0 4 4 0 6 4)"
"飞镖走速_3874_62_62(1 4 0 0 4 0 2 4 0 4 4 0 6 4)"
"空手被打_3874_2_2(1 2 24 0 1 32 0 1[70)"
"拿剑被打_3874_6_6(1 2 24 0 1 32 0 1[70)"
"斧头被打_3874_13_13(1 3 24 0 1 32 0 1[70)"
"拿弓被打_3874_22_22(1 3 24 0 1 32 0 1[70)"
"拿矛被打_3874_26_26(1 3 24 0 1 32 0 1[70)"
"拿杖被打_3874_42_42(1 3 24 0 1 32 0 1[70)"
"匕首被打_3874_48_48(1 3 24 0 1 32 0 1[70)"
"双手剑被打_3874_52_52(1 3 24 0 1 32 0 1[70)"
"双刀被打_3874_56_56(1 3 24 0 1 32 0 1[70)"
"双爪被打_3874_60_60(1 3 24 0 1 32 0 1[70)"
"飞镖被打_3874_64_64(1 3 24 0 1 32 0 1[70)"
"空手攻击_3874_1_1(0 2 699 0 19 699 0 1]536!)"
"拿剑攻击_3874_5_5(0 2 699 0 19 699 0 1]536!)"
"斧头攻击_3874_12_12(0 2 699 0 19 699 0 1]536!)"
"拿杖攻击_3874_41_41(0 2 699 0 19 699 0 1]536!)"
"匕首攻击_3874_47_47(0 2 699 0 19 699 0 1]536!)"
"双手剑攻击_3874_51_51(0 2 699 0 23 699 0 1]536!)"
"双刀攻击_3874_55_55(0 2 699 0 19 699 0 1]536!)"
"双爪攻击_3874_59_59(0 2 699 0 19 699 0 1]536!)"
"有向魔法_3874_18_18(1 1 -1.0:0)"
"无向魔法_3874_19_19(1 1 -1.0:0)"
"影子图档宣告_1109_S_700 102(0)"
#3881黑长者
"图档宣告_3881_P_700=183"
"空手走速_3881_0_0(1 4 8 0 4 8 1 4 8 2 4 8 3 4)"
"拿剑走速_3881_4_4(1 4 8 0 4 8 1 4 8 2 4 8 3 4)"
"斧头走速_3881_11_11(1 4 8 0 4 8 1 4 8 2 4 8 3 4)"
"拿弓走速_3881_20_20(1 4 8 0 4 8 1 4 8 2 4 8 3 4)"
"拿矛走速_3881_24_24(1 4 8 0 4 8 1 4 8 2 4 8 3 4)"
"拿杖走速_3881_40_40(1 4 8 0 4 8 1 4 8 2 4 8 3 4)"
"匕首走速_3881_46_46(1 4 8 0 4 8 1 4 8 2 4 8 3 4)"
"双手剑走速_3881_50_50(1 4 8 0 4 8 1 4 8 2 4 8 3 4)"
"双刀走速_3881_54_54(1 4 8 0 4 8 1 4 8 2 4 8 3 4)"
"双爪走速_3881_58_58(1 4 8 0 4 8 1 4 8 2 4 8 3 4)"
"飞镖走速_3881_62_62(1 4 8 0 4 8 1 4 8 2 4 8 3 4)"
"空手被打_3881_2_2(1 2 0 0 1 24 0 1[79)"
"拿剑被打_3881_6_6(1 2 0 0 1 24 0 1[79)"
"斧头被打_3881_13_13(1 2 0 0 1 24 0 1[79)"
"拿弓被打_3881_22_22(1 2 0 0 1 24 0 1[79)"
"拿矛被打_3881_26_26(1 2 0 0 1 24 0 1[79)"
"拿杖被打_3881_42_42(1 2 0 0 1 24 0 1[79)"
"匕首被打_3881_48_48(1 2 0 0 1 24 0 1[79)"
"双手剑被打_3881_52_52(1 2 0 0 1 24 0 1[79)"
"双刀被打_3881_56_56(1 2 0 0 1 24 0 1[79)"
"双爪被打_3881_60_60(1 2 0 0 1 24 0 1[79)"
"飞镖被打_3881_64_64(1 2 0 0 1 24 0 1[79)"
"空手攻击_3881_1_1(0 2 699 0 21 699 0 1]538!)"
"拿剑攻击_3881_5_5(0 2 699 0 21 699 0 1]538!)"
"斧头攻击_3881_12_12(0 2 699 0 21 699 0 1]538!)"
"拿杖攻击_3881_41_41(0 2 699 0 21 699 0 1]538!)"
"匕首攻击_3881_47_47(0 2 699 0 21 699 0 1]538!)"
"双手剑攻击_3881_51_51(0 2 699 0 33 699 0 1]538!)"
"双刀攻击_3881_55_55(0 2 699 0 21 699 0 1]538!)"
"双爪攻击_3881_59_59(0 2 699 0 21 699 0 1]538!)"
"有向魔法_3881_18_18(1 1 -1.0:0)"
"无向魔法_3881_19_19(1 1 -1.0:0)"
"影子图档宣告_174_S_700 102(0)"
"光影图档宣告_184_S_700 102(0) 104(8)"
#3882巴士瑟
"图档宣告_3882_P_700=185"
"空手走速_3882_0_0(1 4 8 0 4 8 1 4 8 2 4 8 3 4)"
"拿剑走速_3882_4_4(1 4 8 0 4 8 1 4 8 2 4 8 3 4)"
"斧头走速_3882_11_11(1 4 8 0 4 8 1 4 8 2 4 8 3 4)"
"拿弓走速_3882_20_20(1 4 8 0 4 8 1 4 8 2 4 8 3 4)"
"拿矛走速_3882_24_24(1 4 8 0 4 8 1 4 8 2 4 8 3 4)"
"拿杖走速_3882_40_40(1 4 8 0 4 8 1 4 8 2 4 8 3 4)"
"匕首走速_3882_46_46(1 4 8 0 4 8 1 4 8 2 4 8 3 4)"
"双手剑走速_3882_50_50(1 4 8 0 4 8 1 4 8 2 4 8 3 4)"
"双刀走速_3882_54_54(1 4 8 0 4 8 1 4 8 2 4 8 3 4)"
"双爪走速_3882_58_58(1 4 8 0 4 8 1 4 8 2 4 8 3 4)"
"飞镖走速_3882_62_62(1 4 8 0 4 8 1 4 8 2 4 8 3 4)"
"空手被打_3882_2_2(1 2 0 0 1 24 0 1[79)"
"拿剑被打_3882_6_6(1 2 0 0 1 24 0 1[79)"
"斧头被打_3882_13_13(1 2 0 0 1 24 0 1[79)"
"拿弓被打_3882_22_22(1 2 0 0 1 24 0 1[79)"
"拿矛被打_3882_26_26(1 2 0 0 1 24 0 1[79)"
"拿杖被打_3882_42_42(1 2 0 0 1 24 0 1[79)"
"匕首被打_3882_48_48(1 2 0 0 1 24 0 1[79)"
"双手剑被打_3882_52_52(1 2 0 0 1 24 0 1[79)"
"双刀被打_3882_56_56(1 2 0 0 1 24 0 1[79)"
"双爪被打_3882_60_60(1 2 0 0 1 24 0 1[79)"
"飞镖被打_3882_64_64(1 2 0 0 1 24 0 1[79)"
"空手攻击_3882_1_1(0 2 699 0 21 699 0 1]605!)"
"拿剑攻击_3882_5_5(0 2 699 0 21 699 0 1]605!)"
"斧头攻击_3882_12_12(0 2 699 0 21 699 0 1]605!)"
"拿杖攻击_3882_41_41(0 2 699 0 21 699 0 1]605!)"
"匕首攻击_3882_47_47(0 2 699 0 21 699 0 1]605!)"
"双手剑攻击_3882_51_51(0 2 699 0 33 699 0 1]605!)"
"双刀攻击_3882_55_55(0 2 699 0 21 699 0 1]605!)"
"双爪攻击_3882_59_59(0 2 699 0 21 699 0 1]605!)"
"有向魔法_3882_18_18(1 1 -1.0:0)"
"无向魔法_3882_19_19(1 1 -1.0:0)"
"影子图档宣告_174_S_700 102(0)"
"光影图档宣告_186_S_700 102(0) 104(8)"
#3883卡士伯
"图档宣告_3883_P_700=185"
"空手走速_3883_0_0(1 4 8 0 4 8 1 4 8 2 4 8 3 4)"
"拿剑走速_3883_4_4(1 4 8 0 4 8 1 4 8 2 4 8 3 4)"
"斧头走速_3883_11_11(1 4 8 0 4 8 1 4 8 2 4 8 3 4)"
"拿弓走速_3883_20_20(1 4 8 0 4 8 1 4 8 2 4 8 3 4)"
"拿矛走速_3883_24_24(1 4 8 0 4 8 1 4 8 2 4 8 3 4)"
"拿杖走速_3883_40_40(1 4 8 0 4 8 1 4 8 2 4 8 3 4)"
"匕首走速_3883_46_46(1 4 8 0 4 8 1 4 8 2 4 8 3 4)"
"双手剑走速_3883_50_50(1 4 8 0 4 8 1 4 8 2 4 8 3 4)"
"双刀走速_3883_54_54(1 4 8 0 4 8 1 4 8 2 4 8 3 4)"
"双爪走速_3883_58_58(1 4 8 0 4 8 1 4 8 2 4 8 3 4)"
"飞镖走速_3883_62_62(1 4 8 0 4 8 1 4 8 2 4 8 3 4)"
"空手被打_3883_2_2(1 2 0 0 1 24 0 1[79)"
"拿剑被打_3883_6_6(1 2 0 0 1 24 0 1[79)"
"斧头被打_3883_13_13(1 2 0 0 1 24 0 1[79)"
"拿弓被打_3883_22_22(1 2 0 0 1 24 0 1[79)"
"拿矛被打_3883_26_26(1 2 0 0 1 24 0 1[79)"
"拿杖被打_3883_42_42(1 2 0 0 1 24 0 1[79)"
"匕首被打_3883_48_48(1 2 0 0 1 24 0 1[79)"
"双手剑被打_3883_52_52(1 2 0 0 1 24 0 1[79)"
"双刀被打_3883_56_56(1 2 0 0 1 24 0 1[79)"
"双爪被打_3883_60_60(1 2 0 0 1 24 0 1[79)"
"飞镖被打_3883_64_64(1 2 0 0 1 24 0 1[79)"
"空手攻击_3883_1_1(0 2 699 0 21 699 0 1]607!)"
"拿剑攻击_3883_5_5(0 2 699 0 21 699 0 1]607!)"
"斧头攻击_3883_12_12(0 2 699 0 21 699 0 1]607!)"
"拿杖攻击_3883_41_41(0 2 699 0 21 699 0 1]607!)"
"匕首攻击_3883_47_47(0 2 699 0 21 699 0 1]607!)"
"双手剑攻击_3883_51_51(0 2 699 0 33 699 0 1]607!)"
"双刀攻击_3883_55_55(0 2 699 0 21 699 0 1]607!)"
"双爪攻击_3883_59_59(0 2 699 0 21 699 0 1]607!)"
"有向魔法_3883_18_18(1 1 -1.0:0)"
"无向魔法_3883_19_19(1 1 -1.0:0)"
"影子图档宣告_174_S_700 102(0)"
"光影图档宣告_175_S_700 102(0) 104(8)"
#3884马库尔
"图档宣告_3884_P_700=187"
"空手走速_3884_0_0(1 4 8 0 4 8 1 4 8 2 4 8 3 4)"
"拿剑走速_3884_4_4(1 4 8 0 4 8 1 4 8 2 4 8 3 4)"
"斧头走速_3884_11_11(1 4 8 0 4 8 1 4 8 2 4 8 3 4)"
"拿弓走速_3884_20_20(1 4 8 0 4 8 1 4 8 2 4 8 3 4)"
"拿矛走速_3884_24_24(1 4 8 0 4 8 1 4 8 2 4 8 3 4)"
"拿杖走速_3884_40_40(1 4 8 0 4 8 1 4 8 2 4 8 3 4)"
"匕首走速_3884_46_46(1 4 8 0 4 8 1 4 8 2 4 8 3 4)"
"双手剑走速_3884_50_50(1 4 8 0 4 8 1 4 8 2 4 8 3 4)"
"双刀走速_3884_54_54(1 4 8 0 4 8 1 4 8 2 4 8 3 4)"
"双爪走速_3884_58_58(1 4 8 0 4 8 1 4 8 2 4 8 3 4)"
"飞镖走速_3884_62_62(1 4 8 0 4 8 1 4 8 2 4 8 3 4)"
"空手被打_3884_2_2(1 2 0 0 1 24 0 1[79)"
"拿剑被打_3884_6_6(1 2 0 0 1 24 0 1[79)"
"斧头被打_3884_13_13(1 2 0 0 1 24 0 1[79)"
"拿弓被打_3884_22_22(1 2 0 0 1 24 0 1[79)"
"拿矛被打_3884_26_26(1 2 0 0 1 24 0 1[79)"
"拿杖被打_3884_42_42(1 2 0 0 1 24 0 1[79)"
"匕首被打_3884_48_48(1 2 0 0 1 24 0 1[79)"
"双手剑被打_3884_52_52(1 2 0 0 1 24 0 1[79)"
"双刀被打_3884_56_56(1 2 0 0 1 24 0 1[79)"
"双爪被打_3884_60_60(1 2 0 0 1 24 0 1[79)"
"飞镖被打_3884_64_64(1 2 0 0 1 24 0 1[79)"
"空手攻击_3884_1_1(0 2 699 0 36 699 0 1]611!)"
"拿剑攻击_3884_5_5(0 2 699 0 36 699 0 1]611!)"
"斧头攻击_3884_12_12(0 2 699 0 36 699 0 1]611!)"
"拿杖攻击_3884_41_41(0 2 699 0 36 699 0 1]611!)"
"匕首攻击_3884_47_47(0 2 699 0 36 699 0 1]611!)"
"双手剑攻击_3884_51_51(0 2 699 0 33 699 0 1]611!)"
"双刀攻击_3884_55_55(0 2 699 0 36 699 0 1]611!)"
"双爪攻击_3884_59_59(0 2 699 0 36 699 0 1]611!)"
"有向魔法_3884_18_18(1 1 -1.0:0)"
"无向魔法_3884_19_19(1 1 -1.0:0)"
"影子图档宣告_174_S_700 102(0)"
"光影图档宣告_188_S_700 102(0) 104(8)"
#3885西玛
"图档宣告_3885_P_700=183"
"空手走速_3885_0_0(1 4 8 0 4 8 1 4 8 2 4 8 3 4)"
"拿剑走速_3885_4_4(1 4 8 0 4 8 1 4 8 2 4 8 3 4)"
"斧头走速_3885_11_11(1 4 8 0 4 8 1 4 8 2 4 8 3 4)"
"拿弓走速_3885_20_20(1 4 8 0 4 8 1 4 8 2 4 8 3 4)"
"拿矛走速_3885_24_24(1 4 8 0 4 8 1 4 8 2 4 8 3 4)"
"拿杖走速_3885_40_40(1 4 8 0 4 8 1 4 8 2 4 8 3 4)"
"匕首走速_3885_46_46(1 4 8 0 4 8 1 4 8 2 4 8 3 4)"
"双手剑走速_3885_50_50(1 4 8 0 4 8 1 4 8 2 4 8 3 4)"
"双刀走速_3885_54_54(1 4 8 0 4 8 1 4 8 2 4 8 3 4)"
"双爪走速_3885_58_58(1 4 8 0 4 8 1 4 8 2 4 8 3 4)"
"飞镖走速_3885_62_62(1 4 8 0 4 8 1 4 8 2 4 8 3 4)"
"空手被打_3885_2_2(1 2 0 0 1 24 0 1[79)"
"拿剑被打_3885_6_6(1 2 0 0 1 24 0 1[79)"
"斧头被打_3885_13_13(1 2 0 0 1 24 0 1[79)"
"拿弓被打_3885_22_22(1 2 0 0 1 24 0 1[79)"
"拿矛被打_3885_26_26(1 2 0 0 1 24 0 1[79)"
"拿杖被打_3885_42_42(1 2 0 0 1 24 0 1[79)"
"匕首被打_3885_48_48(1 2 0 0 1 24 0 1[79)"
"双手剑被打_3885_52_52(1 2 0 0 1 24 0 1[79)"
"双刀被打_3885_56_56(1 2 0 0 1 24 0 1[79)"
"双爪被打_3885_60_60(1 2 0 0 1 24 0 1[79)"
"飞镖被打_3885_64_64(1 2 0 0 1 24 0 1[79)"
"空手攻击_3885_1_1(0 2 699 0 21 699 0 1]613!)"
"拿剑攻击_3885_5_5(0 2 699 0 21 699 0 1]613!)"
"斧头攻击_3885_12_12(0 2 699 0 21 699 0 1]613!)"
"拿杖攻击_3885_41_41(0 2 699 0 21 699 0 1]613!)"
"匕首攻击_3885_47_47(0 2 699 0 21 699 0 1]613!)"
"双手剑攻击_3885_51_51(0 2 699 0 33 699 0 1]613!)"
"双刀攻击_3885_55_55(0 2 699 0 21 699 0 1]613!)"
"双爪攻击_3885_59_59(0 2 699 0 21 699 0 1]613!)"
"有向魔法_3885_18_18(1 1 -1.0:0)"
"无向魔法_3885_19_19(1 1 -1.0:0)"
"影子图档宣告_174_S_700 102(0)"
"光影图档宣告_184_S_700 102(0) 104(8)"
#3888巴风特
"图档宣告_3888_P_700=53"
"空手走速_3888_0_0(1 4 40 0 3 40 1 3 40 2 3 40 3 3)"
"拿剑走速_3888_4_4(1 4 40 0 3 40 1 3 40 2 3 40 3 3)"
"斧头走速_3888_11_11(1 4 40 0 3 40 1 3 40 2 3 40 3 3)"
"拿弓走速_3888_20_20(1 4 40 0 3 40 1 3 40 2 3 40 3 3)"
"拿矛走速_3888_24_24(1 4 40 0 3 40 1 3 40 2 3 40 3 3)"
"拿杖走速_3888_40_40(1 4 40 0 3 40 1 3 40 2 3 40 3 3)"
"匕首走速_3888_46_46(1 4 40 0 3 40 1 3 40 2 3 40 3 3)"
"双手剑走速_3888_50_50(1 4 40 0 3 40 1 3 40 2 3 40 3 3)"
"双刀走速_3888_54_54(1 4 40 0 3 40 1 3 40 2 3 40 3 3)"
"双爪走速_3888_58_58(1 4 40 0 3 40 1 3 40 2 3 40 3 3)"
"飞镖走速_3888_62_62(1 4 40 0 3 40 1 3 40 2 3 40 3 3)"
"空手被打_3888_2_2(1 2 0 0 1 16 0 1[67)"
"拿剑被打_3888_6_6(1 2 0 0 1 16 0 1[67)"
"斧头被打_3888_13_13(1 2 0 0 1 16 0 1[67)"
"拿弓被打_3888_22_22(1 2 0 0 1 16 0 1[67)"
"拿矛被打_3888_26_26(1 2 0 0 1 16 0 1[67)"
"拿杖被打_3888_42_42(1 2 0 0 1 16 0 1[67)"
"匕首被打_3888_48_48(1 2 0 0 1 16 0 1[67)"
"双手剑被打_3888_52_52(1 2 0 0 1 16 0 1[67)"
"双刀被打_3888_56_56(1 2 0 0 1 16 0 1[67)"
"双爪被打_3888_60_60(1 2 0 0 1 16 0 1[67)"
"飞镖被打_3888_64_64(1 2 0 0 1 16 0 1[67)"
"空手攻击_3888_1_1(0 2 699 0 18 699 0 1]540!)"
"拿剑攻击_3888_5_5(0 2 699 0 18 699 0 1]540!)"
"斧头攻击_3888_12_12(0 2 699 0 18 699 0 1]540!)"
"拿杖攻击_3888_41_41(0 2 699 0 18 699 0 1]540!)"
"匕首攻击_3888_47_47(0 2 699 0 18 699 0 1]540!)"
"双手剑攻击_3888_51_51(0 2 699 0 24 699 0 1]540!)"
"双刀攻击_3888_55_55(0 2 699 0 18 699 0 1]540!)"
"双爪攻击_3888_59_59(0 2 699 0 18 699 0 1]540!)"
"有向魔法_3888_18_18(1 1 -1.0:0)"
"无向魔法_3888_19_19(1 1 -1.0:0)"
"影子图档宣告_127_S_700 102(0)"
#3889恶魔
"图档宣告_3889_P_700=1180"
"空手走速_3889_0_0(1 4 0 0 4 0 2 4 0 4 4 0 6 4)"
"拿剑走速_3889_4_4(1 4 0 0 4 0 2 4 0 4 4 0 6 4)"
"斧头走速_3889_11_11(1 4 0 0 4 0 2 4 0 4 4 0 6 4)"
"拿弓走速_3889_20_20(1 4 0 0 4 0 2 4 0 4 4 0 6 4)"
"拿矛走速_3889_24_24(1 4 0 0 4 0 2 4 0 4 4 0 6 4)"
"拿杖走速_3889_40_40(1 4 0 0 4 0 2 4 0 4 4 0 6 4)"
"匕首走速_3889_46_46(1 4 0 0 4 0 2 4 0 4 4 0 6 4)"
"双手剑走速_3889_50_50(1 4 0 0 4 0 2 4 0 4 4 0 6 4)"
"双刀走速_3889_54_54(1 4 0 0 4 0 2 4 0 4 4 0 6 4)"
"双爪走速_3889_58_58(1 4 0 0 4 0 2 4 0 4 4 0 6 4)"
"飞镖走速_3889_62_62(1 4 0 0 4 0 2 4 0 4 4 0 6 4)"
"空手被打_3889_2_2(1 2 8 0 1 40 0 1[427[428)"
"拿剑被打_3889_6_6(1 2 8 0 1 40 0 1[427[428)"
"斧头被打_3889_13_13(1 2 8 0 1 40 0 1[427[428)"
"拿弓被打_3889_22_22(1 2 8 0 1 40 0 1[427[428)"
"拿矛被打_3889_26_26(1 2 8 0 1 40 0 1[427[428)"
"拿杖被打_3889_42_42(1 2 8 0 1 40 0 1[427[428)"
"匕首被打_3889_48_48(1 2 8 0 1 40 0 1[427[428)"
"双手剑被打_3889_52_52(1 2 8 0 1 40 0 1[427[428)"
"双刀被打_3889_56_56(1 2 8 0 1 40 0 1[427[428)"
"双爪被打_3889_60_60(1 2 8 0 1 40 0 1[427[428)"
"飞镖被打_3889_64_64(1 2 8 0 1 40 0 1[427[428)"
"空手攻击_3889_1_1(0 2 699 0 17 699 0 1]544!)"
"拿剑攻击_3889_5_5(0 2 699 0 17 699 0 1]544!)"
"斧头攻击_3889_12_12(0 2 699 0 17 699 0 1]544!)"
"拿杖攻击_3889_41_41(0 2 699 0 17 699 0 1]544!)"
"匕首攻击_3889_47_47(0 2 699 0 17 699 0 1]544!)"
"双手剑攻击_3889_51_51(0 2 699 0 20 699 0 1]544!)"
"双刀攻击_3889_55_55(0 2 699 0 16 699 0 1]544!)"
"双爪攻击_3889_59_59(0 2 699 0 16 699 0 1]544!)"
"有向魔法_3889_18_18(1 1 -1.0:0)"
"无向魔法_3889_19_19(1 1 -1.0:0)"
"影子图档宣告_1181_S_700 102(0)"
"光影图档宣告_1182_S_700 102(0) 104(8)"
#3863侏儒
"图档宣告_3863_P_700=54"
"空手走速_3863_0_0(1 4 0 0 4 0 1 4 0 2 3 0 3 4)"
"拿剑走速_3863_4_4(1 4 0 0 4 0 1 4 0 2 3 0 3 4)"
"斧头走速_3863_11_11(1 4 0 0 4 0 1 4 0 2 3 0 3 4)"
"拿弓走速_3863_20_20(1 4 0 0 4 0 1 4 0 2 3 0 3 4)"
"拿矛走速_3863_24_24(1 4 0 0 4 0 1 4 0 2 3 0 3 4)"
"拿杖走速_3863_40_40(1 4 0 0 4 0 1 4 0 2 3 0 3 4)"
"匕首走速_3863_46_46(1 4 0 0 4 0 1 4 0 2 3 0 3 4)"
"双手剑走速_3863_50_50(1 4 0 0 4 0 1 4 0 2 3 0 3 4)"
"双刀走速_3863_54_54(1 4 0 0 4 0 1 4 0 2 3 0 3 4)"
"双爪走速_3863_58_58(1 4 0 0 4 0 1 4 0 2 3 0 3 4)"
"飞镖走速_3863_62_62(1 4 0 0 4 0 1 4 0 2 3 0 3 4)"
"空手被打_3863_2_2(1 2 0 0 1 16 0 1[32)"
"拿剑被打_3863_6_6(1 2 0 0 1 16 0 1[32)"
"斧头被打_3863_13_13(1 2 0 0 1 16 0 1[32)"
"拿弓被打_3863_22_22(1 2 0 0 1 16 0 1[32)"
"拿矛被打_3863_26_26(1 2 0 0 1 16 0 1[32)"
"拿杖被打_3863_42_42(1 2 0 0 1 16 0 1[32)"
"匕首被打_3863_48_48(1 2 0 0 1 16 0 1[32)"
"双手剑被打_3863_52_52(1 2 0 0 1 16 0 1[32)"
"双刀被打_3863_56_56(1 2 0 0 1 16 0 1[32)"
"双爪被打_3863_60_60(1 2 0 0 1 16 0 1[32)"
"飞镖被打_3863_64_64(1 2 0 0 1 16 0 1[32)"
"空手攻击_3863_1_1(0 2 699 0 22 699 0 1]546!)"
"拿剑攻击_3863_5_5(0 2 699 0 22 699 0 1]546!)"
"斧头攻击_3863_12_12(0 2 699 0 22 699 0 1]546!)"
"拿杖攻击_3863_41_41(0 2 699 0 22 699 0 1]546!)"
"匕首攻击_3863_47_47(0 2 699 0 22 699 0 1]546!)"
"双手剑攻击_3863_51_51(0 2 699 0 31 699 0 1]546!)"
"双刀攻击_3863_55_55(0 2 699 0 22 699 0 1]546!)"
"双爪攻击_3863_59_59(0 2 699 0 22 699 0 1]546!)"
"弓箭攻击_3863_21_21(0 2 699 0 28 699 0 1]638!)"
"有向魔法_3863_18_18(1 1 -1.0:0)"
"无向魔法_3863_19_19(1 1 -1.0:0)"
#6267黑暗骑士(新)
"图档宣告_6267_P_700=3054"
"空手走速_6267_0_0(1 4 8 0 4<479 8 1 4 8 2 4<478 8 3 4)"
"拿剑走速_6267_4_4(1 4 8 0 4<479 8 1 4 8 2 4<478 8 3 4)"
"斧头走速_6267_11_11(1 4 8 0 4<479 8 1 4 8 2 4<478 8 3 4)"
"拿弓走速_6267_20_20(1 4 8 0 4<479 8 1 4 8 2 4<478 8 3 4)"
"拿矛走速_6267_24_24(1 4 8 0 4<479 8 1 4 8 2 4<478 8 3 4)"
"拿杖走速_6267_40_40(1 4 8 0 4<479 8 1 4 8 2 4<478 8 3 4)"
"匕首走速_6267_46_46(1 4 8 0 4<479 8 1 4 8 2 4<478 8 3 4)"
"双手剑走速_6267_50_50(1 4 8 0 4<479 8 1 4 8 2 4<478 8 3 4)"
"双刀走速_6267_54_54(1 4 8 0 4<479 8 1 4 8 2 4<478 8 3 4)"
"双爪走速_6267_58_58(1 4 8 0 4<479 8 1 4 8 2 4<478 8 3 4)"
"飞镖走速_6267_62_62(1 4 8 0 4<479 8 1 4 8 2 4<478 8 3 4)"
"空手被打_6267_2_2(1 2 0 0 1 24 0 1[1139)"
"拿剑被打_6267_6_6(1 2 0 0 1 24 0 1[1139)"
"斧头被打_6267_13_13(1 2 0 0 1 24 0 1[1139)"
"拿弓被打_6267_22_22(1 2 0 0 1 24 0 1[1139)"
"拿矛被打_6267_26_26(1 2 0 0 1 24 0 1[1139)"
"拿杖被打_6267_42_42(1 2 0 0 1 24 0 1[1139)"
"匕首被打_6267_48_48(1 2 0 0 1 24 0 1[1139)"
"双手剑被打_6267_52_52(1 2 0 0 1 24 0 1[1139)"
"双刀被打_6267_56_56(1 2 0 0 1 24 0 1[1139)"
"双爪被打_6267_60_60(1 2 0 0 1 24 0 1[1139)"
"飞镖被打_6267_64_64(1 2 0 0 1 24 0 1[1139)"
"空手攻击_6267_1_1(0 2 699 0 12 699 0 1]548!)"
"拿剑攻击_6267_5_5(0 2 699 0 13 699 0 1]548!)"
"斧头攻击_6267_12_12(0 2 699 0 15 699 0 1]548!)"
"拿杖攻击_6267_41_41(0 2 699 0 13 699 0 1]548!)"
"匕首攻击_6267_47_47(0 2 699 0 12 699 0 1]548!)"
"双手剑攻击_6267_51_51(0 2 699 0 17 699 0 1]548!)"
"双刀攻击_6267_55_55(0 2 699 0 13 699 0 1]548!)"
"双爪攻击_6267_59_59(0 2 699 0 13 699 0 1]548!)"
"有向魔法_6267_18_18(1 1 -1.0:0)"
"无向魔法_6267_19_19(1 1 -1.0:0)"
"影子图档宣告_3055_S_700 102(0)"
"光影图档宣告_3056_S_700 102(0) 104(8)"
#6268黑暗法师(新)
"图档宣告_6268_P_700=3046"
"空手走速_6268_0_0(1 4 0 0 4<479 0 1 4 0 2 4<478 0 3 4)"
"拿剑走速_6268_4_4(1 4 0 0 4<479 0 1 4 0 2 4<478 0 3 4)"
"斧头走速_6268_11_11(1 4 0 0 4<479 0 1 4 0 2 4<478 0 3 4)"
"拿弓走速_6268_20_20(1 4 0 0 4<479 0 1 4 0 2 4<478 0 3 4)"
"拿矛走速_6268_24_24(1 4 0 0 4<479 0 1 4 0 2 4<478 0 3 4)"
"拿杖走速_6268_40_40(1 4 0 0 4<479 0 1 4 0 2 4<478 0 3 4)"
"匕首走速_6268_46_46(1 4 0 0 4<479 0 1 4 0 2 4<478 0 3 4)"
"双手剑走速_6268_50_50(1 4 0 0 4<479 0 1 4 0 2 4<478 0 3 4)"
"双刀走速_6268_54_54(1 4 0 0 4<479 0 1 4 0 2 4<478 0 3 4)"
"双爪走速_6268_58_58(1 4 0 0 4<479 0 1 4 0 2 4<478 0 3 4)"
"飞镖走速_6268_62_62(1 4 0 0 4<479 0 1 4 0 2 4<478 0 3 4)"
"空手被打_6268_2_2(1 2 8 0 1 32 0 1[1146)"
"拿剑被打_6268_6_6(1 2 8 0 1 32 0 1[1146)"
"斧头被打_6268_13_13(1 2 8 0 1 32 0 1[1146)"
"拿弓被打_6268_22_22(1 2 8 0 1 32 0 1[1146)"
"拿矛被打_6268_26_26(1 2 8 0 1 32 0 1[1146)"
"拿杖被打_6268_42_42(1 2 8 0 1 32 0 1[1146)"
"匕首被打_6268_48_48(1 2 8 0 1 32 0 1[1146)"
"双手剑被打_6268_52_52(1 2 8 0 1 32 0 1[1146)"
"双刀被打_6268_56_56(1 2 8 0 1 32 0 1[1146)"
"双爪被打_6268_60_60(1 2 8 0 1 32 0 1[1146)"
"飞镖被打_6268_64_64(1 2 8 0 1 32 0 1[1146)"
"空手攻击_6268_1_1(0 2 699 0 12 699 0 1]553!)"
"拿剑攻击_6268_5_5(0 2 699 0 13 699 0 1]553!)"
"斧头攻击_6268_12_12(0 2 699 0 15 699 0 1]553!)"
"拿杖攻击_6268_41_41(0 2 699 0 13 699 0 1]553!)"
"匕首攻击_6268_47_47(0 2 699 0 12 699 0 1]553!)"
"双手剑攻击_6268_51_51(0 2 699 0 17 699 0 1]553!)"
"双刀攻击_6268_55_55(0 2 699 0 13 699 0 1]553!)"
"双爪攻击_6268_59_59(0 2 699 0 13 699 0 1]553!)"
"有向魔法_6268_18_18(1 1 -1.0:0)"
"无向魔法_6268_19_19(1 1 -1.0:0)"
"影子图档宣告_3047_S_700 102(0)"
"光影图档宣告_3048_S_700 102(0) 104(8)"
#6269黑暗巡守(新)
"图档宣告_6269_P_700=3105"
"空手走速_6269_0_0(1 4 0 0 4<479 0 1 4 0 2 4<478 0 3 4))"
"拿剑走速_6269_4_4(1 4 0 0 4<479 0 1 4 0 2 4<478 0 3 4)"
"斧头走速_6269_11_11(1 4 0 0 4<479 0 1 4 0 2 4<478 0 3 4)"
"拿弓走速_6269_20_20(1 4 0 0 4<479 0 1 4 0 2 4<478 0 3 4)"
"拿矛走速_6269_24_24(1 4 0 0 4<479 0 1 4 0 2 4<478 0 3 4)"
"拿杖走速_6269_40_40(1 4 0 0 4<479 0 1 4 0 2 4<478 0 3 4)"
"匕首走速_6269_46_46(1 4 0 0 4<479 0 1 4 0 2 4<478 0 3 4)"
"双手剑走速_6269_50_50(1 4 0 0 4<479 0 1 4 0 2 4<478 0 3 4)"
"双刀走速_6269_54_54(1 4 0 0 4<479 0 1 4 0 2 4<478 0 3 4)"
"双爪走速_6269_58_58(1 4 0 0 4<479 0 1 4 0 2 4<478 0 3 4)"
"飞镖走速_6269_62_62(1 4 0 0 4<479 0 1 4 0 2 4<478 0 3 4)"
"空手被打_6269_2_2(1 2 8 0 1 32 0 1[1036)"
"拿剑被打_6269_6_6(1 2 8 0 1 32 0 1[1036)"
"斧头被打_6269_13_13(1 2 8 0 1 32 0 1[1036)"
"拿弓被打_6269_22_22(1 2 8 0 1 32 0 1[1036)"
"拿矛被打_6269_26_26(1 2 8 0 1 32 0 1[1036)"
"拿杖被打_6269_42_42(1 2 8 0 1 32 0 1[1036)"
"匕首被打_6269_48_48(1 2 8 0 1 32 0 1[1036)"
"双手剑被打_6269_52_52(1 2 8 0 1 32 0 1[1036)"
"双刀被打_6269_56_56(1 2 8 0 1 32 0 1[1036)"
"双爪被打_6269_60_60(1 2 8 0 1 32 0 1[1036)"
"飞镖被打_6269_64_64(1 2 8 0 1 32 0 1[1036)"
"拿弓攻击_6269_21_21(0 2 699 0 17 699 0 1]556!)"
"飞镖攻击_6269_63_63(0 2 699 0 17 699 0 1]556!)"
"有向魔法_6269_18_18(1 1 -1.0:0)"
"无向魔法_6269_19_19(1 1 -1.0:0)"
"影子图档宣告_3106_S_700 102(0)"
#6270银光骑士(新)
"图档宣告_6270_P_700=3063"
"空手走速_6270_0_0(1 4 8 0 4<479 8 1 4 8 2 4<478 8 3 4)"
"拿剑走速_6270_4_4(1 4 8 0 4<479 8 1 4 8 2 4<478 8 3 4)"
"斧头走速_6270_11_11(1 4 8 0 4<479 8 1 4 8 2 4<478 8 3 4)"
"拿弓走速_6270_20_20(1 4 8 0 4<479 8 1 4 8 2 4<478 8 3 4)"
"拿矛走速_6270_24_24(1 4 8 0 4<479 8 1 4 8 2 4<478 8 3 4)"
"拿杖走速_6270_40_40(1 4 8 0 4<479 8 1 4 8 2 4<478 8 3 4)"
"匕首走速_6270_46_46(1 4 8 0 4<479 8 1 4 8 2 4<478 8 3 4)"
"双手剑走速_6270_50_50(1 4 8 0 4<479 8 1 4 8 2 4<478 8 3 4)"
"双刀走速_6270_54_54(1 4 8 0 4<479 8 1 4 8 2 4<478 8 3 4)"
"双爪走速_6270_58_58(1 4 8 0 4<479 8 1 4 8 2 4<478 8 3 4)"
"飞镖走速_6270_62_62(1 4 8 0 4<479 8 1 4 8 2 4<478 8 3 4)"
"空手被打_6270_2_2(1 2 0 0 1 24 0 1[1139)"
"拿剑被打_6270_6_6(1 2 0 0 1 24 0 1[1139)"
"斧头被打_6270_13_13(1 2 0 0 1 24 0 1[1139)"
"拿弓被打_6270_22_22(1 2 0 0 1 24 0 1[1139)"
"拿矛被打_6270_26_26(1 2 0 0 1 24 0 1[1139)"
"拿杖被打_6270_42_42(1 2 0 0 1 24 0 1[1139)"
"匕首被打_6270_48_48(1 2 0 0 1 24 0 1[1139)"
"双手剑被打_6270_52_52(1 2 0 0 1 24 0 1[1139)"
"双刀被打_6270_56_56(1 2 0 0 1 24 0 1[1139)"
"双爪被打_6270_60_60(1 2 0 0 1 24 0 1[1139)"
"飞镖被打_6270_64_64(1 2 0 0 1 24 0 1[1139)"
"空手攻击_6270_1_1(0 2 699 0 12 699 0 1]559!)"
"拿剑攻击_6270_5_5(0 2 699 0 13 699 0 1]559!)"
"斧头攻击_6270_12_12(0 2 699 0 15 699 0 1]559!)"
"拿杖攻击_6270_41_41(0 2 699 0 13 699 0 1]559!)"
"匕首攻击_6270_47_47(0 2 699 0 12 699 0 1]559!)"
"双手剑攻击_6270_51_51(0 2 699 0 17 699 0 1]559!)"
"双刀攻击_6270_55_55(0 2 699 0 13 699 0 1]559!)"
"双爪攻击_6270_59_59(0 2 699 0 13 699 0 1]559!)"
"有向魔法_6270_18_18(1 1 -1.0:0)"
"无向魔法_6270_19_19(1 1 -1.0:0)"
"影子图档宣告_3064_S_700 102(0)"
"光影图档宣告_3065_S_700 102(0) 104(8)"
#6271银光法师(新)
"图档宣告_6271_P_700=3070"
"空手走速_6271_0_0(1 4 0 0 4<479 0 1 4 0 2 4<478 0 3 4)"
"拿剑走速_6271_4_4(1 4 0 0 4<479 0 1 4 0 2 4<478 0 3 4)"
"斧头走速_6271_11_11(1 4 0 0 4<479 0 1 4 0 2 4<478 0 3 4)"
"拿弓走速_6271_20_20(1 4 0 0 4<479 0 1 4 0 2 4<478 0 3 4)"
"拿矛走速_6271_24_24(1 4 0 0 4<479 0 1 4 0 2 4<478 0 3 4)"
"拿杖走速_6271_40_40(1 4 0 0 4<479 0 1 4 0 2 4<478 0 3 4)"
"匕首走速_6271_46_46(1 4 0 0 4<479 0 1 4 0 2 4<478 0 3 4)"
"双手剑走速_6271_50_50(1 4 0 0 4<479 0 1 4 0 2 4<478 0 3 4)"
"双刀走速_6271_54_54(1 4 0 0 4<479 0 1 4 0 2 4<478 0 3 4)"
"双爪走速_6271_58_58(1 4 0 0 4<479 0 1 4 0 2 4<478 0 3 4)"
"飞镖走速_6271_62_62(1 4 0 0 4<479 0 1 4 0 2 4<478 0 3 4)"
"空手被打_6271_2_2(1 2 8 0 1 32 0 1[1146)"
"拿剑被打_6271_6_6(1 2 8 0 1 32 0 1[1146)"
"斧头被打_6271_13_13(1 2 8 0 1 32 0 1[1146)"
"拿弓被打_6271_22_22(1 2 8 0 1 32 0 1[1146)"
"拿矛被打_6271_26_26(1 2 8 0 1 32 0 1[1146)"
"拿杖被打_6271_42_42(1 2 8 0 1 32 0 1[1146)"
"匕首被打_6271_48_48(1 2 8 0 1 32 0 1[1146)"
"双手剑被打_6271_52_52(1 2 8 0 1 32 0 1[1146)"
"双刀被打_6271_56_56(1 2 8 0 1 32 0 1[1146)"
"双爪被打_6271_60_60(1 2 8 0 1 32 0 1[1146)"
"飞镖被打_6271_64_64(1 2 8 0 1 32 0 1[1146)"
"空手攻击_6271_1_1(0 2 699 0 12 699 0 1]563!)"
"拿剑攻击_6271_5_5(0 2 699 0 13 699 0 1]563!)"
"斧头攻击_6271_12_12(0 2 699 0 15 699 0 1]563!)"
"拿杖攻击_6271_41_41(0 2 699 0 13 699 0 1]563!)"
"匕首攻击_6271_47_47(0 2 699 0 12 699 0 1]563!)"
"双手剑攻击_6271_51_51(0 2 699 0 17 699 0 1]563!)"
"双刀攻击_6271_55_55(0 2 699 0 13 699 0 1]563!)"
"双爪攻击_6271_59_59(0 2 699 0 13 699 0 1]563!)"
"有向魔法_6271_18_18(1 1 -1.0:0)"
"无向魔法_6271_19_19(1 1 -1.0:0)"
"影子图档宣告_3071_S_700 102(0)"
"光影图档宣告_3072_S_700 102(0) 104(8)"
#6272银光巡守(新)
"图档宣告_6272_P_700=3145"
"空手走速_6272_0_0(1 4 0 0 4<479 0 1 4 0 2 4<478 0 3 4))"
"拿剑走速_6272_4_4(1 4 0 0 4<479 0 1 4 0 2 4<478 0 3 4)"
"斧头走速_6272_11_11(1 4 0 0 4<479 0 1 4 0 2 4<478 0 3 4)"
"拿弓走速_6272_20_20(1 4 0 0 4<479 0 1 4 0 2 4<478 0 3 4)"
"拿矛走速_6272_24_24(1 4 0 0 4<479 0 1 4 0 2 4<478 0 3 4)"
"拿杖走速_6272_40_40(1 4 0 0 4<479 0 1 4 0 2 4<478 0 3 4)"
"匕首走速_6272_46_46(1 4 0 0 4<479 0 1 4 0 2 4<478 0 3 4)"
"双手剑走速_6272_50_50(1 4 0 0 4<479 0 1 4 0 2 4<478 0 3 4)"
"双刀走速_6272_54_54(1 4 0 0 4<479 0 1 4 0 2 4<478 0 3 4)"
"双爪走速_6272_58_58(1 4 0 0 4<479 0 1 4 0 2 4<478 0 3 4)"
"飞镖走速_6272_62_62(1 4 0 0 4<479 0 1 4 0 2 4<478 0 3 4)"
"空手被打_6272_2_2(1 2 8 0 1 32 0 1[1036)"
"拿剑被打_6272_6_6(1 2 8 0 1 32 0 1[1036)"
"斧头被打_6272_13_13(1 2 8 0 1 32 0 1[1036)"
"拿弓被打_6272_22_22(1 2 8 0 1 32 0 1[1036)"
"拿矛被打_6272_26_26(1 2 8 0 1 32 0 1[1036)"
"拿杖被打_6272_42_42(1 2 8 0 1 32 0 1[1036)"
"匕首被打_6272_48_48(1 2 8 0 1 32 0 1[1036)"
"双手剑被打_6272_52_52(1 2 8 0 1 32 0 1[1036)"
"双刀被打_6272_56_56(1 2 8 0 1 32 0 1[1036)"
"双爪被打_6272_60_60(1 2 8 0 1 32 0 1[1036)"
"飞镖被打_6272_64_64(1 2 8 0 1 32 0 1[1036)"
"拿弓攻击_6272_21_21(0 2 699 0 17 699 0 1]565!)"
"飞镖攻击_6272_63_63(0 2 699 0 17 699 0 1]565!)"
"有向魔法_6272_18_18(1 1 -1.0:0)"
"无向魔法_6272_19_19(1 1 -1.0:0)"
"影子图档宣告_3146_S_700 102(0)"
"光影图档宣告_3147_S_700 102(0) 104(8)"
#6273黄金骑士(新)
"图档宣告_6273_P_700=3057"
"空手走速_6273_0_0(1 4 8 0 4<479 8 1 4 8 2 4<478 8 3 4)"
"拿剑走速_6273_4_4(1 4 8 0 4<479 8 1 4 8 2 4<478 8 3 4)"
"斧头走速_6273_11_11(1 4 8 0 4<479 8 1 4 8 2 4<478 8 3 4)"
"拿弓走速_6273_20_20(1 4 8 0 4<479 8 1 4 8 2 4<478 8 3 4)"
"拿矛走速_6273_24_24(1 4 8 0 4<479 8 1 4 8 2 4<478 8 3 4)"
"拿杖走速_6273_40_40(1 4 8 0 4<479 8 1 4 8 2 4<478 8 3 4)"
"匕首走速_6273_46_46(1 4 8 0 4<479 8 1 4 8 2 4<478 8 3 4)"
"双手剑走速_6273_50_50(1 4 8 0 4<479 8 1 4 8 2 4<478 8 3 4)"
"双刀走速_6273_54_54(1 4 8 0 4<479 8 1 4 8 2 4<478 8 3 4)"
"双爪走速_6273_58_58(1 4 8 0 4<479 8 1 4 8 2 4<478 8 3 4)"
"飞镖走速_6273_62_62(1 4 8 0 4<479 8 1 4 8 2 4<478 8 3 4)"
"空手被打_6273_2_2(1 2 0 0 1 24 0 1[1139)"
"拿剑被打_6273_6_6(1 2 0 0 1 24 0 1[1139)"
"斧头被打_6273_13_13(1 2 0 0 1 24 0 1[1139)"
"拿弓被打_6273_22_22(1 2 0 0 1 24 0 1[1139)"
"拿矛被打_6273_26_26(1 2 0 0 1 24 0 1[1139)"
"拿杖被打_6273_42_42(1 2 0 0 1 24 0 1[1139)"
"匕首被打_6273_48_48(1 2 0 0 1 24 0 1[1139)"
"双手剑被打_6273_52_52(1 2 0 0 1 24 0 1[1139)"
"双刀被打_6273_56_56(1 2 0 0 1 24 0 1[1139)"
"双爪被打_6273_60_60(1 2 0 0 1 24 0 1[1139)"
"飞镖被打_6273_64_64(1 2 0 0 1 24 0 1[1139)"
"空手攻击_6273_1_1(0 2 699 0 12 699 0 1]570!)"
"拿剑攻击_6273_5_5(0 2 699 0 13 699 0 1]570!)"
"斧头攻击_6273_12_12(0 2 699 0 15 699 0 1]570!)"
"拿杖攻击_6273_41_41(0 2 699 0 13 699 0 1]570!)"
"匕首攻击_6273_47_47(0 2 699 0 12 699 0 1]570!)"
"双手剑攻击_6273_51_51(0 2 699 0 17 699 0 1]570!)"
"双刀攻击_6273_55_55(0 2 699 0 13 699 0 1]570!)"
"双爪攻击_6273_59_59(0 2 699 0 13 699 0 1]570!)"
"有向魔法_6273_18_18(1 1 -1.0:0)"
"无向魔法_6273_19_19(1 1 -1.0:0)"
"影子图档宣告_3058_S_700 102(0)"
"光影图档宣告_3059_S_700 102(0) 104(8)"
#6274黄金法师(新)
"图档宣告_6274_P_700=3075"
"空手走速_6274_0_0(1 4 0 0 4<479 0 1 4 0 2 4<478 0 3 4)"
"拿剑走速_6274_4_4(1 4 0 0 4<479 0 1 4 0 2 4<478 0 3 4)"
"斧头走速_6274_11_11(1 4 0 0 4<479 0 1 4 0 2 4<478 0 3 4)"
"拿弓走速_6274_20_20(1 4 0 0 4<479 0 1 4 0 2 4<478 0 3 4)"
"拿矛走速_6274_24_24(1 4 0 0 4<479 0 1 4 0 2 4<478 0 3 4)"
"拿杖走速_6274_40_40(1 4 0 0 4<479 0 1 4 0 2 4<478 0 3 4)"
"匕首走速_6274_46_46(1 4 0 0 4<479 0 1 4 0 2 4<478 0 3 4)"
"双手剑走速_6274_50_50(1 4 0 0 4<479 0 1 4 0 2 4<478 0 3 4)"
"双刀走速_6274_54_54(1 4 0 0 4<479 0 1 4 0 2 4<478 0 3 4)"
"双爪走速_6274_58_58(1 4 0 0 4<479 0 1 4 0 2 4<478 0 3 4)"
"飞镖走速_6274_62_62(1 4 0 0 4<479 0 1 4 0 2 4<478 0 3 4)"
"空手被打_6274_2_2(1 2 8 0 1 32 0 1[1146)"
"拿剑被打_6274_6_6(1 2 8 0 1 32 0 1[1146)"
"斧头被打_6274_13_13(1 2 8 0 1 32 0 1[1146)"
"拿弓被打_6274_22_22(1 2 8 0 1 32 0 1[1146)"
"拿矛被打_6274_26_26(1 2 8 0 1 32 0 1[1146)"
"拿杖被打_6274_42_42(1 2 8 0 1 32 0 1[1146)"
"匕首被打_6274_48_48(1 2 8 0 1 32 0 1[1146)"
"双手剑被打_6274_52_52(1 2 8 0 1 32 0 1[1146)"
"双刀被打_6274_56_56(1 2 8 0 1 32 0 1[1146)"
"双爪被打_6274_60_60(1 2 8 0 1 32 0 1[1146)"
"飞镖被打_6274_64_64(1 2 8 0 1 32 0 1[1146)"
"空手攻击_6274_1_1(0 2 699 0 12 699 0 1]573!)"
"拿剑攻击_6274_5_5(0 2 699 0 13 699 0 1]573!)"
"斧头攻击_6274_12_12(0 2 699 0 15 699 0 1]573!)"
"拿杖攻击_6274_41_41(0 2 699 0 13 699 0 1]573!)"
"匕首攻击_6274_47_47(0 2 699 0 12 699 0 1]573!)"
"双手剑攻击_6274_51_51(0 2 699 0 17 699 0 1]573!)"
"双刀攻击_6274_55_55(0 2 699 0 13 699 0 1]573!)"
"双爪攻击_6274_59_59(0 2 699 0 13 699 0 1]573!)"
"有向魔法_6274_18_18(1 1 -1.0:0)"
"无向魔法_6274_19_19(1 1 -1.0:0)"
"影子图档宣告_3076_S_700 102(0)"
"光影图档宣告_3077_S_700 102(0) 104(8)"
#6275黄金巡守(新)
"图档宣告_6275_P_700=3148"
"空手走速_6275_0_0(1 4 0 0 4<479 0 1 4 0 2 4<478 0 3 4))"
"拿剑走速_6275_4_4(1 4 0 0 4<479 0 1 4 0 2 4<478 0 3 4)"
"斧头走速_6275_11_11(1 4 0 0 4<479 0 1 4 0 2 4<478 0 3 4)"
"拿弓走速_6275_20_20(1 4 0 0 4<479 0 1 4 0 2 4<478 0 3 4)"
"拿矛走速_6275_24_24(1 4 0 0 4<479 0 1 4 0 2 4<478 0 3 4)"
"拿杖走速_6275_40_40(1 4 0 0 4<479 0 1 4 0 2 4<478 0 3 4)"
"匕首走速_6275_46_46(1 4 0 0 4<479 0 1 4 0 2 4<478 0 3 4)"
"双手剑走速_6275_50_50(1 4 0 0 4<479 0 1 4 0 2 4<478 0 3 4)"
"双刀走速_6275_54_54(1 4 0 0 4<479 0 1 4 0 2 4<478 0 3 4)"
"双爪走速_6275_58_58(1 4 0 0 4<479 0 1 4 0 2 4<478 0 3 4)"
"飞镖走速_6275_62_62(1 4 0 0 4<479 0 1 4 0 2 4<478 0 3 4)"
"空手被打_6275_2_2(1 2 8 0 1 32 0 1[1036)"
"拿剑被打_6275_6_6(1 2 8 0 1 32 0 1[1036)"
"斧头被打_6275_13_13(1 2 8 0 1 32 0 1[1036)"
"拿弓被打_6275_22_22(1 2 8 0 1 32 0 1[1036)"
"拿矛被打_6275_26_26(1 2 8 0 1 32 0 1[1036)"
"拿杖被打_6275_42_42(1 2 8 0 1 32 0 1[1036)"
"匕首被打_6275_48_48(1 2 8 0 1 32 0 1[1036)"
"双手剑被打_6275_52_52(1 2 8 0 1 32 0 1[1036)"
"双刀被打_6275_56_56(1 2 8 0 1 32 0 1[1036)"
"双爪被打_6275_60_60(1 2 8 0 1 32 0 1[1036)"
"飞镖被打_6275_64_64(1 2 8 0 1 32 0 1[1036)"
"拿弓攻击_6275_21_21(0 2 699 0 17 699 0 1]575!)"
"飞镖攻击_6275_63_63(0 2 699 0 17 699 0 1]575!)"
"有向魔法_6275_18_18(1 1 -1.0:0)"
"无向魔法_6275_19_19(1 1 -1.0:0)"
"影子图档宣告_3149_S_700 102(0)"
"光影图档宣告_3150_S_700 102(0) 104(8)"
#6276白金骑士(新)
"图档宣告_6276_P_700=3060"
"空手走速_6276_0_0(1 4 8 0 4<479 8 1 4 8 2 4<478 8 3 4)"
"拿剑走速_6276_4_4(1 4 8 0 4<479 8 1 4 8 2 4<478 8 3 4)"
"斧头走速_6276_11_11(1 4 8 0 4<479 8 1 4 8 2 4<478 8 3 4)"
"拿弓走速_6276_20_20(1 4 8 0 4<479 8 1 4 8 2 4<478 8 3 4)"
"拿矛走速_6276_24_24(1 4 8 0 4<479 8 1 4 8 2 4<478 8 3 4)"
"拿杖走速_6276_40_40(1 4 8 0 4<479 8 1 4 8 2 4<478 8 3 4)"
"匕首走速_6276_46_46(1 4 8 0 4<479 8 1 4 8 2 4<478 8 3 4)"
"双手剑走速_6276_50_50(1 4 8 0 4<479 8 1 4 8 2 4<478 8 3 4)"
"双刀走速_6276_54_54(1 4 8 0 4<479 8 1 4 8 2 4<478 8 3 4)"
"双爪走速_6276_58_58(1 4 8 0 4<479 8 1 4 8 2 4<478 8 3 4)"
"飞镖走速_6276_62_62(1 4 8 0 4<479 8 1 4 8 2 4<478 8 3 4)"
"空手被打_6276_2_2(1 2 0 0 1 24 0 1[1139)"
"拿剑被打_6276_6_6(1 2 0 0 1 24 0 1[1139)"
"斧头被打_6276_13_13(1 2 0 0 1 24 0 1[1139)"
"拿弓被打_6276_22_22(1 2 0 0 1 24 0 1[1139)"
"拿矛被打_6276_26_26(1 2 0 0 1 24 0 1[1139)"
"拿杖被打_6276_42_42(1 2 0 0 1 24 0 1[1139)"
"匕首被打_6276_48_48(1 2 0 0 1 24 0 1[1139)"
"双手剑被打_6276_52_52(1 2 0 0 1 24 0 1[1139)"
"双刀被打_6276_56_56(1 2 0 0 1 24 0 1[1139)"
"双爪被打_6276_60_60(1 2 0 0 1 24 0 1[1139)"
"飞镖被打_6276_64_64(1 2 0 0 1 24 0 1[1139)"
"空手攻击_6276_1_1(0 2 699 0 12 699 0 1]580!)"
"拿剑攻击_6276_5_5(0 2 699 0 13 699 0 1]580!)"
"斧头攻击_6276_12_12(0 2 699 0 15 699 0 1]580!)"
"拿杖攻击_6276_41_41(0 2 699 0 13 699 0 1]580!)"
"匕首攻击_6276_47_47(0 2 699 0 12 699 0 1]580!)"
"双手剑攻击_6276_51_51(0 2 699 0 17 699 0 1]580!)"
"双刀攻击_6276_55_55(0 2 699 0 13 699 0 1]580!)"
"双爪攻击_6276_59_59(0 2 699 0 13 699 0 1]580!)"
"有向魔法_6276_18_18(1 1 -1.0:0)"
"无向魔法_6276_19_19(1 1 -1.0:0)"
"影子图档宣告_3061_S_700 102(0)"
"光影图档宣告_3062_S_700 102(0) 104(8)"
#6277白金法师(新)
"图档宣告_6277_P_700=3080"
"空手走速_6277_0_0(1 4 0 0 4<479 0 1 4 0 2 4<478 0 3 4)"
"拿剑走速_6277_4_4(1 4 0 0 4<479 0 1 4 0 2 4<478 0 3 4)"
"斧头走速_6277_11_11(1 4 0 0 4<479 0 1 4 0 2 4<478 0 3 4)"
"拿弓走速_6277_20_20(1 4 0 0 4<479 0 1 4 0 2 4<478 0 3 4)"
"拿矛走速_6277_24_24(1 4 0 0 4<479 0 1 4 0 2 4<478 0 3 4)"
"拿杖走速_6277_40_40(1 4 0 0 4<479 0 1 4 0 2 4<478 0 3 4)"
"匕首走速_6277_46_46(1 4 0 0 4<479 0 1 4 0 2 4<478 0 3 4)"
"双手剑走速_6277_50_50(1 4 0 0 4<479 0 1 4 0 2 4<478 0 3 4)"
"双刀走速_6277_54_54(1 4 0 0 4<479 0 1 4 0 2 4<478 0 3 4)"
"双爪走速_6277_58_58(1 4 0 0 4<479 0 1 4 0 2 4<478 0 3 4)"
"飞镖走速_6277_62_62(1 4 0 0 4<479 0 1 4 0 2 4<478 0 3 4)"
"空手被打_6277_2_2(1 2 8 0 1 32 0 1[1146)"
"拿剑被打_6277_6_6(1 2 8 0 1 32 0 1[1146)"
"斧头被打_6277_13_13(1 2 8 0 1 32 0 1[1146)"
"拿弓被打_6277_22_22(1 2 8 0 1 32 0 1[1146)"
"拿矛被打_6277_26_26(1 2 8 0 1 32 0 1[1146)"
"拿杖被打_6277_42_42(1 2 8 0 1 32 0 1[1146)"
"匕首被打_6277_48_48(1 2 8 0 1 32 0 1[1146)"
"双手剑被打_6277_52_52(1 2 8 0 1 32 0 1[1146)"
"双刀被打_6277_56_56(1 2 8 0 1 32 0 1[1146)"
"双爪被打_6277_60_60(1 2 8 0 1 32 0 1[1146)"
"飞镖被打_6277_64_64(1 2 8 0 1 32 0 1[1146)"
"空手攻击_6277_1_1(0 2 699 0 12 699 0 1]583!)"
"拿剑攻击_6277_5_5(0 2 699 0 13 699 0 1]583!)"
"斧头攻击_6277_12_12(0 2 699 0 15 699 0 1]583!)"
"拿杖攻击_6277_41_41(0 2 699 0 13 699 0 1]583!)"
"匕首攻击_6277_47_47(0 2 699 0 12 699 0 1]583!)"
"双手剑攻击_6277_51_51(0 2 699 0 17 699 0 1]583!)"
"双刀攻击_6277_55_55(0 2 699 0 13 699 0 1]583!)"
"双爪攻击_6277_59_59(0 2 699 0 13 699 0 1]583!)"
"有向魔法_6277_18_18(1 1 -1.0:0)"
"无向魔法_6277_19_19(1 1 -1.0:0)"
"影子图档宣告_3081_S_700 102(0)"
"光影图档宣告_3082_S_700 102(0) 104(8)"
#6278白金巡守(新)
"图档宣告_6278_P_700=3151"
"空手走速_6278_0_0(1 4 0 0 4<479 0 1 4 0 2 4<478 0 3 4))"
"拿剑走速_6278_4_4(1 4 0 0 4<479 0 1 4 0 2 4<478 0 3 4)"
"斧头走速_6278_11_11(1 4 0 0 4<479 0 1 4 0 2 4<478 0 3 4)"
"拿弓走速_6278_20_20(1 4 0 0 4<479 0 1 4 0 2 4<478 0 3 4)"
"拿矛走速_6278_24_24(1 4 0 0 4<479 0 1 4 0 2 4<478 0 3 4)"
"拿杖走速_6278_40_40(1 4 0 0 4<479 0 1 4 0 2 4<478 0 3 4)"
"匕首走速_6278_46_46(1 4 0 0 4<479 0 1 4 0 2 4<478 0 3 4)"
"双手剑走速_6278_50_50(1 4 0 0 4<479 0 1 4 0 2 4<478 0 3 4)"
"双刀走速_6278_54_54(1 4 0 0 4<479 0 1 4 0 2 4<478 0 3 4)"
"双爪走速_6278_58_58(1 4 0 0 4<479 0 1 4 0 2 4<478 0 3 4)"
"飞镖走速_6278_62_62(1 4 0 0 4<479 0 1 4 0 2 4<478 0 3 4)"
"空手被打_6278_2_2(1 2 8 0 1 32 0 1[1036)"
"拿剑被打_6278_6_6(1 2 8 0 1 32 0 1[1036)"
"斧头被打_6278_13_13(1 2 8 0 1 32 0 1[1036)"
"拿弓被打_6278_22_22(1 2 8 0 1 32 0 1[1036)"
"拿矛被打_6278_26_26(1 2 8 0 1 32 0 1[1036)"
"拿杖被打_6278_42_42(1 2 8 0 1 32 0 1[1036)"
"匕首被打_6278_48_48(1 2 8 0 1 32 0 1[1036)"
"双手剑被打_6278_52_52(1 2 8 0 1 32 0 1[1036)"
"双刀被打_6278_56_56(1 2 8 0 1 32 0 1[1036)"
"双爪被打_6278_60_60(1 2 8 0 1 32 0 1[1036)"
"飞镖被打_6278_64_64(1 2 8 0 1 32 0 1[1036)"
"拿弓攻击_6278_21_21(0 2 699 0 17 699 0 1]587!)"
"飞镖攻击_6278_63_63(0 2 699 0 17 699 0 1]587!)"
"有向魔法_6278_18_18(1 1 -1.0:0)"
"无向魔法_6278_19_19(1 1 -1.0:0)"
"影子图档宣告_3152_S_700 102(0)"
"光影图档宣告_3153_S_700 102(0) 104(8)"
#3905巴列斯
"图档宣告_3905_P_700=1011"
"空手走速_3905_0_0(1 4 8 0 3 8 1 3 8 2 3 8 3 3)"
"拿剑走速_3905_4_4(1 4 8 0 3 8 1 3 8 2 3 8 3 3)"
"斧头走速_3905_11_11(1 4 8 0 3 8 1 3 8 2 3 8 3 3)"
"拿弓走速_3905_20_20(1 4 8 0 3 8 1 3 8 2 3 8 3 3)"
"拿矛走速_3905_24_24(1 4 8 0 3 8 1 3 8 2 3 8 3 3)"
"拿杖走速_3905_40_40(1 4 8 0 3 8 1 3 8 2 3 8 3 3)"
"匕首走速_3905_46_46(1 4 8 0 3 8 1 3 8 2 3 8 3 3)"
"双手剑走速_3905_50_50(1 4 8 0 3 8 1 3 8 2 3 8 3 3)"
"双刀走速_3905_54_54(1 4 8 0 3 8 1 3 8 2 3 8 3 3)"
"双爪走速_3905_58_58(1 4 8 0 3 8 1 3 8 2 3 8 3 3)"
"飞镖走速_3905_62_62(1 4 8 0 3 8 1 3 8 2 3 8 3 3)"
"空手被打_3905_2_2(1 2 0 0 1 32 0 1[67)"
"拿剑被打_3905_6_6(1 2 0 0 1 32 0 1[67)"
"斧头被打_3905_13_13(1 2 0 0 1 32 0 1[67)"
"拿弓被打_3905_22_22(1 2 0 0 1 32 0 1[67)"
"拿矛被打_3905_26_26(1 2 0 0 1 32 0 1[67)"
"拿杖被打_3905_42_42(1 2 0 0 1 32 0 1[67)"
"匕首被打_3905_48_48(1 2 0 0 1 32 0 1[67)"
"双手剑被打_3905_52_52(1 2 0 0 1 32 0 1[67)"
"双刀被打_3905_56_56(1 2 0 0 1 32 0 1[67)"
"双爪被打_3905_60_60(1 2 0 0 1 32 0 1[67)"
"飞镖被打_3905_64_64(1 2 0 0 1 32 0 1[67)"
"空手攻击_3905_1_1(0 2 699 0 18 699 0 1]591!)"
"拿剑攻击_3905_5_5(0 2 699 0 18 699 0 1]591!)"
"斧头攻击_3905_12_12(0 2 699 0 18 699 0 1]591!)"
"拿杖攻击_3905_41_41(0 2 699 0 18 699 0 1]591!)"
"匕首攻击_3905_47_47(0 2 699 0 18 699 0 1]591!)"
"双手剑攻击_3905_51_51(0 2 699 0 27 699 0 1]591!)"
"双刀攻击_3905_55_55(0 2 699 0 18 699 0 1]591!)"
"双爪攻击_3905_59_59(0 2 699 0 18 699 0 1]591!)"
"有向魔法_3905_18_18(1 1 -1.0:0)"
"无向魔法_3905_19_19(1 1 -1.0:0)"
"影子图档宣告_1012_S_700 102(0)"
"光影图档宣告_1013_S_700 102(0) 104(8)"
#4923黑骑士
"图档宣告_4923_P_700=110"
"空手走速_4923_0_0(1 4 40 0 3 40 1 3 40 2 3 40 3 3)"
"拿剑走速_4923_4_4(1 4 40 0 3 40 1 3 40 2 3 40 3 3)"
"斧头走速_4923_11_11(1 4 40 0 3 40 1 3 40 2 3 40 3 3)"
"拿弓走速_4923_20_20(1 4 40 0 3 40 1 3 40 2 3 40 3 3)"
"拿矛走速_4923_24_24(1 4 40 0 3 40 1 3 40 2 3 40 3 3)"
"拿杖走速_4923_40_40(1 4 40 0 3 40 1 3 40 2 3 40 3 3)"
"匕首走速_4923_46_46(1 4 40 0 3 40 1 3 40 2 3 40 3 3)"
"双手剑走速_4923_50_50(1 4 40 0 3 40 1 3 40 2 3 40 3 3)"
"双刀走速_4923_54_54(1 4 40 0 3 40 1 3 40 2 3 40 3 3)"
"双爪走速_4923_58_58(1 4 40 0 3 40 1 3 40 2 3 40 3 3)"
"飞镖走速_4923_62_62(1 4 40 0 3 40 1 3 40 2 3 40 3 3)"
"空手被打_4923_2_2(1 2 0 0 1 16 0 1[26)"
"拿剑被打_4923_6_6(1 2 0 0 1 16 0 1[26)"
"斧头被打_4923_13_13(1 2 0 0 1 16 0 1[26)"
"拿弓被打_4923_22_22(1 2 0 0 1 16 0 1[26)"
"拿矛被打_4923_26_26(1 2 0 0 1 16 0 1[26)"
"拿杖被打_4923_42_42(1 2 0 0 1 16 0 1[26)"
"匕首被打_4923_48_48(1 2 0 0 1 16 0 1[26)"
"双手剑被打_4923_52_52(1 2 0 0 1 16 0 1[26)"
"双刀被打_4923_56_56(1 2 0 0 1 16 0 1[26)"
"双爪被打_4923_60_60(1 2 0 0 1 16 0 1[26)"
"飞镖被打_4923_64_64(1 2 0 0 1 16 0 1[26)"
"空手攻击_4923_1_1(0 2 699 0 19 699 0 1]595!)"
"斧头攻击_4923_12_12(0 2 699 0 21 699 0 1]595!)"
"拿杖攻击_4923_41_41(0 2 699 0 21 699 0 1]595!)"
"拿茅攻击_4923_25_25(0 2 699 0 19 699 0 1]595!)"
"有向魔法_4923_18_18(1 1 -1.0:0)"
"无向魔法_4923_19_19(1 1 -1.0:0)"
"影子图档宣告_113_S_700 102(0)"
#4926黑暗妖精法师
"图档宣告_4926_P_700=3376"
"空手走速_4926_0_0(1 6 8 0 3 8 2 3 8 4 3 8 6 3 8 8 2 8 10 2)"
"拿剑走速_4926_4_4(1 6 8 0 3 8 2 3 8 4 3 8 6 3 8 8 2 8 10 2)"
"斧头走速_4926_11_11(1 6 8 0 3 8 2 3 8 4 3 8 6 3 8 8 2 8 10 2)"
"拿弓走速_4926_20_20(1 6 8 0 3 8 2 3 8 4 3 8 6 3 8 8 2 8 10 2)"
"拿矛走速_4926_24_24(1 6 8 0 3 8 2 3 8 4 3 8 6 3 8 8 2 8 10 2)"
"拿杖走速_4926_40_40(1 6 8 0 3 8 2 3 8 4 3 8 6 3 8 8 2 8 10 2)"
"匕首走速_4926_46_46(1 6 8 0 3 8 2 3 8 4 3 8 6 3 8 8 2 8 10 2)"
"双手剑走速_4926_50_50(1 6 8 0 3 8 2 3 8 4 3 8 6 3 8 8 2 8 10 2)"
"双刀走速_4926_54_54(1 6 8 0 3 8 2 3 8 4 3 8 6 3 8 8 2 8 10 2)"
"双爪走速_4926_58_58(1 6 8 0 3 8 2 3 8 4 3 8 6 3 8 8 2 8 10 2)"
"飞镖走速_4926_62_62(1 6 8 0 3 8 2 3 8 4 3 8 6 3 8 8 2 8 10 2)"
"空手被打_4926_2_2(1 2 0 0 1 40 0 1[1151)"
"拿剑被打_4926_6_6(1 2 0 0 1 40 0 1[1151)"
"斧头被打_4926_13_13(1 2 0 0 1 40 0 1[1151)"
"拿弓被打_4926_22_22(1 2 0 0 1 40 0 1[1151)"
"拿矛被打_4926_26_26(1 2 0 0 1 40 0 1[1151)"
"拿杖被打_4926_42_42(1 2 0 0 1 40 0 1[1151)"
"匕首被打_4926_48_48(1 2 0 0 1 40 0 1[1151)"
"双手剑被打_4926_52_52(1 2 0 0 1 40 0 1[1151)"
"双刀被打_4926_56_56(1 2 0 0 1 40 0 1[1151)"
"双爪被打_4926_60_60(1 2 0 0 1 40 0 1[1151)"
"飞镖被打_4926_64_64(1 2 0 0 1 40 0 1[1151)"
"空手攻击_4926_1_1(0 2 699 0 19 699 0 1]598!)"
"拿剑攻击_4926_5_5(0 2 699 0 19 699 0 1]598!)"
"斧头攻击_4926_12_12(0 2 699 0 19 699 0 1]598!)"
"拿杖攻击_4926_41_41(0 2 699 0 19 699 0 1]598!)"
"匕首攻击_4926_47_47(0 2 699 0 19 699 0 1]598!)"
"双手剑攻击_4926_51_51(0 2 699 0 25 699 0 1]598!)"
"双刀攻击_4926_55_55(0 2 699 0 19 699 0 1]598!)"
"双爪攻击_4926_59_59(0 2 699 0 19 699 0 1]598!)"
"有向魔法_4926_18_18(1 1 -1.0:0)"
"无向魔法_4926_19_19(1 1 -1.0:0)"
"影子图档宣告_3377_S_700 102(0)"
#6138刺客首领(新)
"图档宣告_6138_P_700=2843"
"空手走速_6138_0_0(1 6 0 0 3 0 2 3 0 4 3 0 6 3 0 8 3 0 10 3)"
"拿剑走速_6138_4_4(1 6 0 0 3 0 2 3 0 4 3 0 6 3 0 8 3 0 10 3)"
"斧头走速_6138_11_11(1 6 0 0 3 0 2 3 0 4 3 0 6 3 0 8 3 0 10 3)"
"拿弓走速_6138_20_20(1 6 0 0 3 0 2 3 0 4 3 0 6 3 0 8 3 0 10 3)"
"拿矛走速_6138_24_24(1 6 0 0 3 0 2 3 0 4 3 0 6 3 0 8 3 0 10 3)"
"拿杖走速_6138_40_40(1 6 0 0 3 0 2 3 0 4 3 0 6 3 0 8 3 0 10 3)"
"匕首走速_6138_46_46(1 6 0 0 3 0 2 3 0 4 3 0 6 3 0 8 3 0 10 3)"
"双手剑走速_6138_50_50(1 6 0 0 3 0 2 3 0 4 3 0 6 3 0 8 3 0 10 3)"
"双刀走速_6138_54_54(1 6 0 0 3 0 2 3 0 4 3 0 6 3 0 8 3 0 10 3)"
"双爪走速_6138_58_58(1 6 0 0 3 0 2 3 0 4 3 0 6 3 0 8 3 0 10 3)"
"飞镖走速_6138_62_62(1 6 0 0 3 0 2 3 0 4 3 0 6 3 0 8 3 0 10 3)"
"空手被打_6138_2_2(1 2 0 0 1 32 0 1[1040)"
"拿剑被打_6138_6_6(1 2 0 0 1 32 0 1[1040)"
"斧头被打_6138_13_13(1 2 0 0 1 32 0 1[1040)"
"拿弓被打_6138_22_22(1 2 0 0 1 32 0 1[1040)"
"拿矛被打_6138_26_26(1 2 0 0 1 32 0 1[1040)"
"拿杖被打_6138_42_42(1 2 0 0 1 32 0 1[1040)"
"匕首被打_6138_48_48(1 2 0 0 1 32 0 1[1040)"
"双手剑被打_6138_52_52(1 2 0 0 1 32 0 1[1040)"
"双刀被打_6138_56_56(1 2 0 0 1 32 0 1[1040)"
"双爪被打_6138_60_60(1 2 0 0 1 32 0 1[1040)"
"飞镖被打_6138_64_64(1 2 0 0 1 32 0 1[1040)"
"空手攻击_6138_1_1(0 2 699 0 13 699 0 1]602!)"
"拿剑攻击_6138_5_5(0 2 699 0 14 699 0 1]602!)"
"斧头攻击_6138_12_12(0 2 699 0 16 699 0 1]602!)"
"拿杖攻击_6138_41_41(0 2 699 0 14 699 0 1]602!)"
"匕首攻击_6138_47_47(0 2 699 0 13 699 0 1]602!)"
"双手剑攻击_6138_51_51(0 2 699 0 19 699 0 1]602!)"
"双刀攻击_6138_55_55(0 2 699 0 14 699 0 1]655!)"
"双爪攻击_6138_59_59(0 2 699 0 14 699 0 1]655!)"
"有向魔法_6138_18_18(1 1 -1.0:0)"
"无向魔法_6138_19_19(1 1 -1.0:0)"
"影子图档宣告_2844_S_700 102(0)"
"光影图档宣告_5116_S_700 102(0) 104(8)"
#6143刺客首领(55)
"图档宣告_6143_P_700=2843"
"空手走速_6143_0_0(1 6 0 0 3 0 2 3 0 4 3 0 6 3 0 8 3 0 10 3)"
"拿剑走速_6143_4_4(1 6 0 0 3 0 2 3 0 4 3 0 6 3 0 8 3 0 10 3)"
"斧头走速_6143_11_11(1 6 0 0 3 0 2 3 0 4 3 0 6 3 0 8 3 0 10 3)"
"拿弓走速_6143_20_20(1 6 0 0 3 0 2 3 0 4 3 0 6 3 0 8 3 0 10 3)"
"拿矛走速_6143_24_24(1 6 0 0 3 0 2 3 0 4 3 0 6 3 0 8 3 0 10 3)"
"拿杖走速_6143_40_40(1 6 0 0 3 0 2 3 0 4 3 0 6 3 0 8 3 0 10 3)"
"匕首走速_6143_46_46(1 6 0 0 3 0 2 3 0 4 3 0 6 3 0 8 3 0 10 3)"
"双手剑走速_6143_50_50(1 6 0 0 3 0 2 3 0 4 3 0 6 3 0 8 3 0 10 3)"
"双刀走速_6143_54_54(1 6 0 0 3 0 2 3 0 4 3 0 6 3 0 8 3 0 10 3)"
"双爪走速_6143_58_58(1 6 0 0 3 0 2 3 0 4 3 0 6 3 0 8 3 0 10 3)"
"飞镖走速_6143_62_62(1 6 0 0 3 0 2 3 0 4 3 0 6 3 0 8 3 0 10 3)"
"空手被打_6143_2_2(1 2 0 0 1 32 0 1[1040)"
"拿剑被打_6143_6_6(1 2 0 0 1 32 0 1[1040)"
"斧头被打_6143_13_13(1 2 0 0 1 32 0 1[1040)"
"拿弓被打_6143_22_22(1 2 0 0 1 32 0 1[1040)"
"拿矛被打_6143_26_26(1 2 0 0 1 32 0 1[1040)"
"拿杖被打_6143_42_42(1 2 0 0 1 32 0 1[1040)"
"匕首被打_6143_48_48(1 2 0 0 1 32 0 1[1040)"
"双手剑被打_6143_52_52(1 2 0 0 1 32 0 1[1040)"
"双刀被打_6143_56_56(1 2 0 0 1 32 0 1[1040)"
"双爪被打_6143_60_60(1 2 0 0 1 32 0 1[1040)"
"飞镖被打_6143_64_64(1 2 0 0 1 32 0 1[1040)"
"空手攻击_6143_1_1(0 2 699 0 12 699 0 1]602!)"
"拿剑攻击_6143_5_5(0 2 699 0 13 699 0 1]602!)"
"斧头攻击_6143_12_12(0 2 699 0 15 699 0 1]602!)"
"拿杖攻击_6143_41_41(0 2 699 0 13 699 0 1]602!)"
"匕首攻击_6143_47_47(0 2 699 0 12 699 0 1]602!)"
"双手剑攻击_6143_51_51(0 2 699 0 17 699 0 1]602!)"
"双刀攻击_6143_55_55(0 2 699 0 13 699 0 1]655!)"
"双爪攻击_6143_59_59(0 2 699 0 13 699 0 1]655!)"
"有向魔法_6143_18_18(1 1 -1.0:0)"
"无向魔法_6143_19_19(1 1 -1.0:0)"
"影子图档宣告_2844_S_700 102(0)"
"光影图档宣告_5116_S_700 102(0) 104(8)"
#6148刺客首领(60)
"图档宣告_6148_P_700=2843"
"空手走速_6148_0_0(1 6 0 0 3 0 2 3 0 4 3 0 6 3 0 8 3 0 10 3)"
"拿剑走速_6148_4_4(1 6 0 0 3 0 2 3 0 4 3 0 6 3 0 8 3 0 10 3)"
"斧头走速_6148_11_11(1 6 0 0 3 0 2 3 0 4 3 0 6 3 0 8 3 0 10 3)"
"拿弓走速_6148_20_20(1 6 0 0 3 0 2 3 0 4 3 0 6 3 0 8 3 0 10 3)"
"拿矛走速_6148_24_24(1 6 0 0 3 0 2 3 0 4 3 0 6 3 0 8 3 0 10 3)"
"拿杖走速_6148_40_40(1 6 0 0 3 0 2 3 0 4 3 0 6 3 0 8 3 0 10 3)"
"匕首走速_6148_46_46(1 6 0 0 3 0 2 3 0 4 3 0 6 3 0 8 3 0 10 3)"
"双手剑走速_6148_50_50(1 6 0 0 3 0 2 3 0 4 3 0 6 3 0 8 3 0 10 3)"
"双刀走速_6148_54_54(1 6 0 0 3 0 2 3 0 4 3 0 6 3 0 8 3 0 10 3)"
"双爪走速_6148_58_58(1 6 0 0 3 0 2 3 0 4 3 0 6 3 0 8 3 0 10 3)"
"飞镖走速_6148_62_62(1 6 0 0 3 0 2 3 0 4 3 0 6 3 0 8 3 0 10 3)"
"空手被打_6148_2_2(1 2 0 0 1 32 0 1[1040)"
"拿剑被打_6148_6_6(1 2 0 0 1 32 0 1[1040)"
"斧头被打_6148_13_13(1 2 0 0 1 32 0 1[1040)"
"拿弓被打_6148_22_22(1 2 0 0 1 32 0 1[1040)"
"拿矛被打_6148_26_26(1 2 0 0 1 32 0 1[1040)"
"拿杖被打_6148_42_42(1 2 0 0 1 32 0 1[1040)"
"匕首被打_6148_48_48(1 2 0 0 1 32 0 1[1040)"
"双手剑被打_6148_52_52(1 2 0 0 1 32 0 1[1040)"
"双刀被打_6148_56_56(1 2 0 0 1 32 0 1[1040)"
"双爪被打_6148_60_60(1 2 0 0 1 32 0 1[1040)"
"飞镖被打_6148_64_64(1 2 0 0 1 32 0 1[1040)"
"空手攻击_6148_1_1(0 2 699 0 12 699 0 1]602!)"
"拿剑攻击_6148_5_5(0 2 699 0 13 699 0 1]602!)"
"斧头攻击_6148_12_12(0 2 699 0 15 699 0 1]602!)"
"拿杖攻击_6148_41_41(0 2 699 0 13 699 0 1]602!)"
"匕首攻击_6148_47_47(0 2 699 0 12 699 0 1]602!)"
"双手剑攻击_6148_51_51(0 2 699 0 17 699 0 1]602!)"
"双刀攻击_6148_55_55(0 2 699 0 13 699 0 1]655!)"
"双爪攻击_6148_59_59(0 2 699 0 13 699 0 1]655!)"
"有向魔法_6148_18_18(1 1 -1.0:0)"
"无向魔法_6148_19_19(1 1 -1.0:0)"
"影子图档宣告_2844_S_700 102(0)"
"光影图档宣告_5116_S_700 102(0) 104(8)"
#6153刺客首领(65)
"图档宣告_6153_P_700=2843"
"空手走速_6153_0_0(1 6 0 0 3 0 2 3 0 4 3 0 6 3 0 8 3 0 10 3)"
"拿剑走速_6153_4_4(1 6 0 0 3 0 2 3 0 4 3 0 6 3 0 8 3 0 10 3)"
"斧头走速_6153_11_11(1 6 0 0 3 0 2 3 0 4 3 0 6 3 0 8 3 0 10 3)"
"拿弓走速_6153_20_20(1 6 0 0 3 0 2 3 0 4 3 0 6 3 0 8 3 0 10 3)"
"拿矛走速_6153_24_24(1 6 0 0 3 0 2 3 0 4 3 0 6 3 0 8 3 0 10 3)"
"拿杖走速_6153_40_40(1 6 0 0 3 0 2 3 0 4 3 0 6 3 0 8 3 0 10 3)"
"匕首走速_6153_46_46(1 6 0 0 3 0 2 3 0 4 3 0 6 3 0 8 3 0 10 3)"
"双手剑走速_6153_50_50(1 6 0 0 3 0 2 3 0 4 3 0 6 3 0 8 3 0 10 3)"
"双刀走速_6153_54_54(1 6 0 0 3 0 2 3 0 4 3 0 6 3 0 8 3 0 10 3)"
"双爪走速_6153_58_58(1 6 0 0 3 0 2 3 0 4 3 0 6 3 0 8 3 0 10 3)"
"飞镖走速_6153_62_62(1 6 0 0 3 0 2 3 0 4 3 0 6 3 0 8 3 0 10 3)"
"空手被打_6153_2_2(1 2 0 0 1 32 0 1[1040)"
"拿剑被打_6153_6_6(1 2 0 0 1 32 0 1[1040)"
"斧头被打_6153_13_13(1 2 0 0 1 32 0 1[1040)"
"拿弓被打_6153_22_22(1 2 0 0 1 32 0 1[1040)"
"拿矛被打_6153_26_26(1 2 0 0 1 32 0 1[1040)"
"拿杖被打_6153_42_42(1 2 0 0 1 32 0 1[1040)"
"匕首被打_6153_48_48(1 2 0 0 1 32 0 1[1040)"
"双手剑被打_6153_52_52(1 2 0 0 1 32 0 1[1040)"
"双刀被打_6153_56_56(1 2 0 0 1 32 0 1[1040)"
"双爪被打_6153_60_60(1 2 0 0 1 32 0 1[1040)"
"飞镖被打_6153_64_64(1 2 0 0 1 32 0 1[1040)"
"空手攻击_6153_1_1(0 2 699 0 12 699 0 1]602!)"
"拿剑攻击_6153_5_5(0 2 699 0 13 699 0 1]602!)"
"斧头攻击_6153_12_12(0 2 699 0 15 699 0 1]602!)"
"拿杖攻击_6153_41_41(0 2 699 0 13 699 0 1]602!)"
"匕首攻击_6153_47_47(0 2 699 0 12 699 0 1]602!)"
"双手剑攻击_6153_51_51(0 2 699 0 17 699 0 1]602!)"
"双刀攻击_6153_55_55(0 2 699 0 13 699 0 1]655!)"
"双爪攻击_6153_59_59(0 2 699 0 13 699 0 1]655!)"
"有向魔法_6153_18_18(1 1 -1.0:0)"
"无向魔法_6153_19_19(1 1 -1.0:0)"
"影子图档宣告_2844_S_700 102(0)"
"光影图档宣告_5116_S_700 102(0) 104(8)"
#6158刺客首领(70)
"图档宣告_6158_P_700=2843"
"空手走速_6158_0_0(1 6 0 0 3 0 2 3 0 4 3 0 6 3 0 8 3 0 10 3)"
"拿剑走速_6158_4_4(1 6 0 0 3 0 2 3 0 4 3 0 6 3 0 8 3 0 10 3)"
"斧头走速_6158_11_11(1 6 0 0 3 0 2 3 0 4 3 0 6 3 0 8 3 0 10 3)"
"拿弓走速_6158_20_20(1 6 0 0 3 0 2 3 0 4 3 0 6 3 0 8 3 0 10 3)"
"拿矛走速_6158_24_24(1 6 0 0 3 0 2 3 0 4 3 0 6 3 0 8 3 0 10 3)"
"拿杖走速_6158_40_40(1 6 0 0 3 0 2 3 0 4 3 0 6 3 0 8 3 0 10 3)"
"匕首走速_6158_46_46(1 6 0 0 3 0 2 3 0 4 3 0 6 3 0 8 3 0 10 3)"
"双手剑走速_6158_50_50(1 6 0 0 3 0 2 3 0 4 3 0 6 3 0 8 3 0 10 3)"
"双刀走速_6158_54_54(1 6 0 0 3 0 2 3 0 4 3 0 6 3 0 8 3 0 10 3)"
"双爪走速_6158_58_58(1 6 0 0 3 0 2 3 0 4 3 0 6 3 0 8 3 0 10 3)"
"飞镖走速_6158_62_62(1 6 0 0 3 0 2 3 0 4 3 0 6 3 0 8 3 0 10 3)"
"空手被打_6158_2_2(1 2 0 0 1 32 0 1[1040)"
"拿剑被打_6158_6_6(1 2 0 0 1 32 0 1[1040)"
"斧头被打_6158_13_13(1 2 0 0 1 32 0 1[1040)"
"拿弓被打_6158_22_22(1 2 0 0 1 32 0 1[1040)"
"拿矛被打_6158_26_26(1 2 0 0 1 32 0 1[1040)"
"拿杖被打_6158_42_42(1 2 0 0 1 32 0 1[1040)"
"匕首被打_6158_48_48(1 2 0 0 1 32 0 1[1040)"
"双手剑被打_6158_52_52(1 2 0 0 1 32 0 1[1040)"
"双刀被打_6158_56_56(1 2 0 0 1 32 0 1[1040)"
"双爪被打_6158_60_60(1 2 0 0 1 32 0 1[1040)"
"飞镖被打_6158_64_64(1 2 0 0 1 32 0 1[1040)"
"空手攻击_6158_1_1(0 2 699 0 12 699 0 1]602!)"
"拿剑攻击_6158_5_5(0 2 699 0 13 699 0 1]602!)"
"斧头攻击_6158_12_12(0 2 699 0 15 699 0 1]602!)"
"拿杖攻击_6158_41_41(0 2 699 0 13 699 0 1]602!)"
"匕首攻击_6158_47_47(0 2 699 0 12 699 0 1]602!)"
"双手剑攻击_6158_51_51(0 2 699 0 17 699 0 1]602!)"
"双刀攻击_6158_55_55(0 2 699 0 13 699 0 1]655!)"
"双爪攻击_6158_59_59(0 2 699 0 13 699 0 1]655!)"
"有向魔法_6158_18_18(1 1 -1.0:0)"
"无向魔法_6158_19_19(1 1 -1.0:0)"
"影子图档宣告_2844_S_700 102(0)"
"光影图档宣告_5116_S_700 102(0) 104(8)"
#4918强盗(弓)
"图档宣告_4918_P_700=2533"
"空手走速_4918_0_0(1 6 0 0 3 0 2 3 0 4 2 0 6 3 0 8 3 0 10 2)"
"拿剑走速_4918_4_4(1 6 0 0 3 0 2 3 0 4 2 0 6 3 0 8 3 0 10 2)"
"斧头走速_4918_11_11(1 6 0 0 3 0 2 3 0 4 2 0 6 3 0 8 3 0 10 2)"
"拿弓走速_4918_20_20(1 6 0 0 3 0 2 3 0 4 2 0 6 3 0 8 3 0 10 2)"
"拿矛走速_4918_24_24(1 6 0 0 3 0 2 3 0 4 2 0 6 3 0 8 3 0 10 2)"
"拿杖走速_4918_40_40(1 6 0 0 3 0 2 3 0 4 2 0 6 3 0 8 3 0 10 2)"
"匕首走速_4918_46_46(1 6 0 0 3 0 2 3 0 4 2 0 6 3 0 8 3 0 10 2)"
"双手剑走速_4918_50_50(1 6 0 0 3 0 2 3 0 4 2 0 6 3 0 8 3 0 10 2)"
"双刀走速_4918_54_54(1 6 0 0 3 0 2 3 0 4 2 0 6 3 0 8 3 0 10 2)"
"双爪走速_4918_58_58(1 6 0 0 3 0 2 3 0 4 2 0 6 3 0 8 3 0 10 2)"
"飞镖走速_4918_62_62(1 6 0 0 3 0 2 3 0 4 2 0 6 3 0 8 3 0 10 2)"
"空手被打_4918_2_2(1 2 8 0 1 32 1 1[898)"
"拿剑被打_4918_6_6(1 2 8 0 1 32 1 1[898)"
"斧头被打_4918_13_13(1 2 8 0 1 32 1 1[898)"
"拿弓被打_4918_22_22(1 2 8 0 1 32 1 1[898)"
"拿矛被打_4918_26_26(1 2 8 0 1 32 1 1[898)"
"拿杖被打_4918_42_42(1 2 8 0 1 32 1 1[898)"
"匕首被打_4918_48_48(1 2 8 0 1 32 1 1[898)"
"双手剑被打_4918_52_52(1 2 8 0 1 32 1 1[898)"
"双刀被打_4918_56_56(1 2 8 0 1 32 1 1[898)"
"双爪被打_4918_60_60(1 2 8 0 1 32 1 1[898)"
"飞镖被打_4918_64_64(1 2 8 0 1 32 1 1[898)"
"拿弓攻击_4918_21_21(0 2 699 0 20 699 0 4]615!)"
"飞镖攻击_4918_63_63(0 2 699 0 20 699 0 4]615!)"
"有向魔法_4918_18_18(1 1 -1.0:0)"
"无向魔法_4918_19_19(1 1 -1.0:0)"
"影子图档宣告_2534_S_700 102(0)"
#3886小恶魔
"图档宣告_3886_P_700=2524"
"空手走速_3886_0_0(1 6 8 0 3 8 2 3<431 8 4 3 8 6 3 8 8 3<426 8 10 3)"
"拿剑走速_3886_4_4(1 6 8 0 3 8 2 3<431 8 4 3 8 6 3 8 8 3<426 8 10 3)"
"斧头走速_3886_11_11(1 6 8 0 3 8 2 3<431 8 4 3 8 6 3 8 8 3<426 8 10 3)"
"拿弓走速_3886_20_20(1 6 8 0 3 8 2 3<431 8 4 3 8 6 3 8 8 3<426 8 10 3)"
"拿矛走速_3886_24_24(1 6 8 0 3 8 2 3<431 8 4 3 8 6 3 8 8 3<426 8 10 3)"
"拿杖走速_3886_40_40(1 6 8 0 3 8 2 3<431 8 4 3 8 6 3 8 8 3<426 8 10 3)"
"匕首走速_3886_46_46(1 6 8 0 3 8 2 3<431 8 4 3 8 6 3 8 8 3<426 8 10 3)"
"双手剑走速_3886_50_50(1 6 8 0 3 8 2 3<431 8 4 3 8 6 3 8 8 3<426 8 10 3)"
"双刀走速_3886_54_54(1 6 8 0 3 8 2 3<431 8 4 3 8 6 3 8 8 3<426 8 10 3)"
"双爪走速_3886_58_58(1 6 8 0 3 8 2 3<431 8 4 3 8 6 3 8 8 3<426 8 10 3)"
"飞镖走速_3886_62_62(1 6 8 0 3 8 2 3<431 8 4 3 8 6 3 8 8 3<426 8 10 3)"
"空手被打_3886_2_2(1 2 0 0 1 40 1 1[916)"
"拿剑被打_3886_6_6(1 2 0 0 1 40 1 1[916)"
"斧头被打_3886_13_13(1 2 0 0 1 40 1 1[916)"
"拿弓被打_3886_22_22(1 2 0 0 1 40 1 1[916)"
"拿矛被打_3886_26_26(1 2 0 0 1 40 1 1[916)"
"拿杖被打_3886_42_42(1 2 0 0 1 40 1 1[916)"
"匕首被打_3886_48_48(1 2 0 0 1 40 1 1[916)"
"双手剑被打_3886_52_52(1 2 0 0 1 40 1 1[916)"
"双刀被打_3886_56_56(1 2 0 0 1 40 1 1[916)"
"双爪被打_3886_60_60(1 2 0 0 1 40 1 1[916)"
"飞镖被打_3886_64_64(1 2 0 0 1 40 1 1[916)"
"空手攻击_3886_1_1(0 2 699 0 17 699 0 1]617!)"
"拿剑攻击_3886_5_5(0 2 699 0 17 699 0 1]617!)"
"斧头攻击_3886_12_12(0 2 699 0 17 699 0 1]617!)"
"拿杖攻击_3886_41_41(0 2 699 0 17 699 0 1]617!)"
"匕首攻击_3886_47_47(0 2 699 0 17 699 0 1]617!)"
"双手剑攻击_3886_51_51(0 2 699 0 21 699 0 1]617!)"
"双刀攻击_3886_55_55(0 2 699 0 17 699 0 1]617!)"
"双爪攻击_3886_59_59(0 2 699 0 17 699 0 1]617!)"
"有向魔法_3886_18_18(1 1 -1.0:0)"
"无向魔法_3886_19_19(1 1 -1.0:0)"
"影子图档宣告_2525_S_700 102(0)"
"光影图档宣告_2526_S_700 102(0) 104(8)"
#4917黑暗妖精巡守
"图档宣告_4917_P_700=2850"
"空手走速_4917_0_0(1 6 0 0 3 0 2 3 0 4 3 0 6 3 0 8 3 0 10 3)"
"拿剑走速_4917_4_4(1 6 0 0 3 0 2 3 0 4 3 0 6 3 0 8 3 0 10 3)"
"斧头走速_4917_11_11(1 6 0 0 3 0 2 3 0 4 3 0 6 3 0 8 3 0 10 3)"
"拿弓走速_4917_20_20(1 6 0 0 3 0 2 3 0 4 3 0 6 3 0 8 3 0 10 3)"
"拿矛走速_4917_24_24(1 6 0 0 3 0 2 3 0 4 3 0 6 3 0 8 3 0 10 3)"
"拿杖走速_4917_40_40(1 6 0 0 3 0 2 3 0 4 3 0 6 3 0 8 3 0 10 3)"
"匕首走速_4917_46_46(1 6 0 0 3 0 2 3 0 4 3 0 6 3 0 8 3 0 10 3)"
"双手剑走速_4917_50_50(1 6 0 0 3 0 2 3 0 4 3 0 6 3 0 8 3 0 10 3)"
"双刀走速_4917_54_54(1 6 0 0 3 0 2 3 0 4 3 0 6 3 0 8 3 0 10 3)"
"双爪走速_4917_58_58(1 6 0 0 3 0 2 3 0 4 3 0 6 3 0 8 3 0 10 3)"
"飞镖走速_4917_62_62(1 6 0 0 3 0 2 3 0 4 3 0 6 3 0 8 3 0 10 3)"
"空手被打_4917_2_2(1 2 8 0 1 32 1 1[1036)"
"拿剑被打_4917_6_6(1 2 8 0 1 32 1 1[1036)"
"斧头被打_4917_13_13(1 2 8 0 1 32 1 1[1036)"
"拿弓被打_4917_22_22(1 2 8 0 1 32 1 1[1036)"
"拿矛被打_4917_26_26(1 2 8 0 1 32 1 1[1036)"
"拿杖被打_4917_42_42(1 2 8 0 1 32 1 1[1036)"
"匕首被打_4917_48_48(1 2 8 0 1 32 1 1[1036)"
"双手剑被打_4917_52_52(1 2 8 0 1 32 1 1[1036)"
"双刀被打_4917_56_56(1 2 8 0 1 32 1 1[1036)"
"双爪被打_4917_60_60(1 2 8 0 1 32 1 1[1036)"
"飞镖被打_4917_64_64(1 2 8 0 1 32 1 1[1036)"
"拿弓攻击_4917_21_21(0 2 699 0 17 699 0 5]619!)"
"飞镖攻击_4917_63_63(0 2 699 0 17 699 0 5]619!)"
"有向魔法_4917_18_18(1 1 -1.0:0)"
"无向魔法_4917_19_19(1 1 -1.0:0)"
"影子图档宣告_2857_S_700 102(0)"
#4919黑暗妖精警卫
"图档宣告_4919_P_700=3402"
"空手走速_4919_0_0(1 8 0 0 2 0 1 2 0 2 2 0 3 2 0 4 2 0 5 2 0 6 2 0 7 2)"
"拿剑走速_4919_4_4(1 8 0 0 2 0 1 2 0 2 2 0 3 2 0 4 2 0 5 2 0 6 2 0 7 2)"
"斧头走速_4919_11_11(1 8 0 0 2 0 1 2 0 2 2 0 3 2 0 4 2 0 5 2 0 6 2 0 7 2)"
"拿弓走速_4919_20_20(1 8 0 0 2 0 1 2 0 2 2 0 3 2 0 4 2 0 5 2 0 6 2 0 7 2)"
"拿矛走速_4919_24_24(1 8 0 0 2 0 1 2 0 2 2 0 3 2 0 4 2 0 5 2 0 6 2 0 7 2)"
"拿杖走速_4919_40_40(1 8 0 0 2 0 1 2 0 2 2 0 3 2 0 4 2 0 5 2 0 6 2 0 7 2)"
"匕首走速_4919_46_46(1 8 0 0 2 0 1 2 0 2 2 0 3 2 0 4 2 0 5 2 0 6 2 0 7 2)"
"双手剑走速_4919_50_50(1 8 0 0 2 0 1 2 0 2 2 0 3 2 0 4 2 0 5 2 0 6 2 0 7 2)"
"双刀走速_4919_54_54(1 8 0 0 2 0 1 2 0 2 2 0 3 2 0 4 2 0 5 2 0 6 2 0 7 2)"
"双爪走速_4919_58_58(1 8 0 0 2 0 1 2 0 2 2 0 3 2 0 4 2 0 5 2 0 6 2 0 7 2)"
"飞镖走速_4919_62_62(1 8 0 0 2 0 1 2 0 2 2 0 3 2 0 4 2 0 5 2 0 6 2 0 7 2)"
"空手被打_4919_2_2(1 2 8 0 1 32 1 1[1167)"
"拿剑被打_4919_6_6(1 2 8 0 1 32 1 1[1167)"
"斧头被打_4919_13_13(1 2 8 0 1 32 1 1[1167)"
"拿弓被打_4919_22_22(1 2 8 0 1 32 1 1[1167)"
"拿矛被打_4919_26_26(1 2 8 0 1 32 1 1[1167)"
"拿杖被打_4919_42_42(1 2 8 0 1 32 1 1[1167)"
"匕首被打_4919_48_48(1 2 8 0 1 32 1 1[1167)"
"双手剑被打_4919_52_52(1 2 8 0 1 32 1 1[1167)"
"双刀被打_4919_56_56(1 2 8 0 1 32 1 1[1167)"
"双爪被打_4919_60_60(1 2 8 0 1 32 1 1[1167)"
"飞镖被打_4919_64_64(1 2 8 0 1 32 1 1[1167)"
"拿弓攻击_4919_21_21(0 2 699 0 17 699 0 5]621!)"
"飞镖攻击_4919_63_63(0 2 699 0 17 699 0 5]621!)"
"有向魔法_4919_18_18(1 1 -1.0:0)"
"无向魔法_4919_19_19(1 1 -1.0:0)"
"影子图档宣告_3403_S_700 102(0)"
#6279黑暗刺客(新)
"图档宣告_6279_P_700=5727"
"空手走速_6279_0_0(1 4 8 0 4 8 1 4<478 8 2 4 8 3 4<479)"
"拿剑走速_6279_4_4(1 4 8 0 4 8 1 4<478 8 2 4 8 3 4<479)"
"斧头走速_6279_11_11(1 4 8 0 4 8 1 4<478 8 2 4 8 3 4<479)"
"拿弓走速_6279_20_20(1 4 8 0 4 8 1 4<478 8 2 4 8 3 4<479)"
"拿矛走速_6279_24_24(1 4 8 0 4 8 1 4<478 8 2 4 8 3 4<479)"
"拿杖走速_6279_40_40(1 4 8 0 4 8 1 4<478 8 2 4 8 3 4<479)"
"匕首走速_6279_46_46(1 4 8 0 4 8 1 4<478 8 2 4 8 3 4<479)"
"双手剑走速_6279_50_50(1 4 8 0 4 8 1 4<478 8 2 4 8 3 4<479)"
"双刀走速_6279_54_54(1 4 8 0 4 8 1 4<478 8 2 4 8 3 4<479)"
"双爪走速_6279_58_58(1 4 8 0 4 8 1 4<478 8 2 4 8 3 4<479)"
"飞镖走速_6279_62_62(1 4 8 0 4 8 1 4<478 8 2 4 8 3 4<479)"
"空手被打_6279_2_2(1 2 0 0 1 24 0 1[3980)"
"拿剑被打_6279_6_6(1 2 0 0 1 24 0 1[3980)"
"斧头被打_6279_13_13(1 2 0 0 1 24 0 1[3980)"
"拿弓被打_6279_22_22(1 2 0 0 1 24 0 1[3980)"
"拿矛被打_6279_26_26(1 2 0 0 1 24 0 1[3980)"
"拿杖被打_6279_42_42(1 2 0 0 1 24 0 1[3980)"
"匕首被打_6279_48_48(1 2 0 0 1 24 0 1[3980)"
"双手剑被打_6279_52_52(1 2 0 0 1 24 0 1[3980)"
"双刀被打_6279_56_56(1 2 0 0 1 24 0 1[3980)"
"双爪被打_6279_60_60(1 2 0 0 1 24 0 1[3980)"
"飞镖被打_6279_64_64(1 2 0 0 1 24 0 1[3980)"
"空手攻击_6279_1_1(0 2 699 0 12 699 0 1]466!)"
"拿剑攻击_6279_5_5(0 2 699 0 13 699 0 1]466!)"
"斧头攻击_6279_12_12(0 2 699 0 15 699 0 1]466!)"
"拿杖攻击_6279_41_41(0 2 699 0 13 699 0 1]466!)"
"匕首攻击_6279_47_47(0 2 699 0 12 699 0 1]466!)"
"双手剑攻击_6279_51_51(0 2 699 0 17 699 0 1]466!)"
"双刀攻击_6279_55_55(0 2 699 0 13 699 0 1]454!)"
"双爪攻击_6279_59_59(0 2 699 0 13 699 0 1]454!)"
"有向魔法_6279_18_18(1 1 -1.0:0)"
"无向魔法_6279_19_19(1 1 -1.0:0)"
"影子图档宣告_5728_S_700 102(0)"
"光影图档宣告_5729_S_700 102(0) 104(8)"
#6280银光刺客(新)
"图档宣告_6280_P_700=5730"
"空手走速_6280_0_0(1 4 8 0 4 8 1 4<478 8 2 4 8 3 4<479)"
"拿剑走速_6280_4_4(1 4 8 0 4 8 1 4<478 8 2 4 8 3 4<479)"
"斧头走速_6280_11_11(1 4 8 0 4 8 1 4<478 8 2 4 8 3 4<479)"
"拿弓走速_6280_20_20(1 4 8 0 4 8 1 4<478 8 2 4 8 3 4<479)"
"拿矛走速_6280_24_24(1 4 8 0 4 8 1 4<478 8 2 4 8 3 4<479)"
"拿杖走速_6280_40_40(1 4 8 0 4 8 1 4<478 8 2 4 8 3 4<479)"
"匕首走速_6280_46_46(1 4 8 0 4 8 1 4<478 8 2 4 8 3 4<479)"
"双手剑走速_6280_50_50(1 4 8 0 4 8 1 4<478 8 2 4 8 3 4<479)"
"双刀走速_6280_54_54(1 4 8 0 4 8 1 4<478 8 2 4 8 3 4<479)"
"双爪走速_6280_58_58(1 4 8 0 4 8 1 4<478 8 2 4 8 3 4<479)"
"飞镖走速_6280_62_62(1 4 8 0 4 8 1 4<478 8 2 4 8 3 4<479)"
"空手被打_6280_2_2(1 2 0 0 1 24 0 1[3980)"
"拿剑被打_6280_6_6(1 2 0 0 1 24 0 1[3980)"
"斧头被打_6280_13_13(1 2 0 0 1 24 0 1[3980)"
"拿弓被打_6280_22_22(1 2 0 0 1 24 0 1[3980)"
"拿矛被打_6280_26_26(1 2 0 0 1 24 0 1[3980)"
"拿杖被打_6280_42_42(1 2 0 0 1 24 0 1[3980)"
"匕首被打_6280_48_48(1 2 0 0 1 24 0 1[3980)"
"双手剑被打_6280_52_52(1 2 0 0 1 24 0 1[3980)"
"双刀被打_6280_56_56(1 2 0 0 1 24 0 1[3980)"
"双爪被打_6280_60_60(1 2 0 0 1 24 0 1[3980)"
"飞镖被打_6280_64_64(1 2 0 0 1 24 0 1[3980)"
"空手攻击_6280_1_1(0 2 699 0 12 699 0 1]468!)"
"拿剑攻击_6280_5_5(0 2 699 0 13 699 0 1]468!)"
"斧头攻击_6280_12_12(0 2 699 0 15 699 0 1]468!)"
"拿杖攻击_6280_41_41(0 2 699 0 13 699 0 1]468!)"
"匕首攻击_6280_47_47(0 2 699 0 12 699 0 1]468!)"
"双手剑攻击_6280_51_51(0 2 699 0 17 699 0 1]468!)"
"双刀攻击_6280_55_55(0 2 699 0 13 699 0 1]455!)"
"双爪攻击_6280_59_59(0 2 699 0 13 699 0 1]455!)"
"有向魔法_6280_18_18(1 1 -1.0:0)"
"无向魔法_6280_19_19(1 1 -1.0:0)"
"影子图档宣告_5731_S_700 102(0)"
"光影图档宣告_5732_S_700 102(0) 104(8)"
#6281黄金刺客(新)
"图档宣告_6281_P_700=5733"
"空手走速_6281_0_0(1 4 8 0 4 8 1 4<478 8 2 4 8 3 4<479)"
"拿剑走速_6281_4_4(1 4 8 0 4 8 1 4<478 8 2 4 8 3 4<479)"
"斧头走速_6281_11_11(1 4 8 0 4 8 1 4<478 8 2 4 8 3 4<479)"
"拿弓走速_6281_20_20(1 4 8 0 4 8 1 4<478 8 2 4 8 3 4<479)"
"拿矛走速_6281_24_24(1 4 8 0 4 8 1 4<478 8 2 4 8 3 4<479)"
"拿杖走速_6281_40_40(1 4 8 0 4 8 1 4<478 8 2 4 8 3 4<479)"
"匕首走速_6281_46_46(1 4 8 0 4 8 1 4<478 8 2 4 8 3 4<479)"
"双手剑走速_6281_50_50(1 4 8 0 4 8 1 4<478 8 2 4 8 3 4<479)"
"双刀走速_6281_54_54(1 4 8 0 4 8 1 4<478 8 2 4 8 3 4<479)"
"双爪走速_6281_58_58(1 4 8 0 4 8 1 4<478 8 2 4 8 3 4<479)"
"飞镖走速_6281_62_62(1 4 8 0 4 8 1 4<478 8 2 4 8 3 4<479)"
"空手被打_6281_2_2(1 2 0 0 1 24 0 1[3980)"
"拿剑被打_6281_6_6(1 2 0 0 1 24 0 1[3980)"
"斧头被打_6281_13_13(1 2 0 0 1 24 0 1[3980)"
"拿弓被打_6281_22_22(1 2 0 0 1 24 0 1[3980)"
"拿矛被打_6281_26_26(1 2 0 0 1 24 0 1[3980)"
"拿杖被打_6281_42_42(1 2 0 0 1 24 0 1[3980)"
"匕首被打_6281_48_48(1 2 0 0 1 24 0 1[3980)"
"双手剑被打_6281_52_52(1 2 0 0 1 24 0 1[3980)"
"双刀被打_6281_56_56(1 2 0 0 1 24 0 1[3980)"
"双爪被打_6281_60_60(1 2 0 0 1 24 0 1[3980)"
"飞镖被打_6281_64_64(1 2 0 0 1 24 0 1[3980)"
"空手攻击_6281_1_1(0 2 699 0 12 699 0 1]470!)"
"拿剑攻击_6281_5_5(0 2 699 0 13 699 0 1]470!)"
"斧头攻击_6281_12_12(0 2 699 0 15 699 0 1]470!)"
"拿杖攻击_6281_41_41(0 2 699 0 13 699 0 1]470!)"
"匕首攻击_6281_47_47(0 2 699 0 12 699 0 1]470!)"
"双手剑攻击_6281_51_51(0 2 699 0 17 699 0 1]470!)"
"双刀攻击_6281_55_55(0 2 699 0 13 699 0 1]456!)"
"双爪攻击_6281_59_59(0 2 699 0 13 699 0 1]456!)"
"有向魔法_6281_18_18(1 1 -1.0:0)"
"无向魔法_6281_19_19(1 1 -1.0:0)"
"影子图档宣告_5734_S_700 102(0)"
"光影图档宣告_5735_S_700 102(0) 104(8)"
#6282白金刺客(新)
"图档宣告_6282_P_700=5736"
"空手走速_6282_0_0(1 4 8 0 4 8 1 4<478 8 2 4 8 3 4<479)"
"拿剑走速_6282_4_4(1 4 8 0 4 8 1 4<478 8 2 4 8 3 4<479)"
"斧头走速_6282_11_11(1 4 8 0 4 8 1 4<478 8 2 4 8 3 4<479)"
"拿弓走速_6282_20_20(1 4 8 0 4 8 1 4<478 8 2 4 8 3 4<479)"
"拿矛走速_6282_24_24(1 4 8 0 4 8 1 4<478 8 2 4 8 3 4<479)"
"拿杖走速_6282_40_40(1 4 8 0 4 8 1 4<478 8 2 4 8 3 4<479)"
"匕首走速_6282_46_46(1 4 8 0 4 8 1 4<478 8 2 4 8 3 4<479)"
"双手剑走速_6282_50_50(1 4 8 0 4 8 1 4<478 8 2 4 8 3 4<479)"
"双刀走速_6282_54_54(1 4 8 0 4 8 1 4<478 8 2 4 8 3 4<479)"
"双爪走速_6282_58_58(1 4 8 0 4 8 1 4<478 8 2 4 8 3 4<479)"
"飞镖走速_6282_62_62(1 4 8 0 4 8 1 4<478 8 2 4 8 3 4<479)"
"空手被打_6282_2_2(1 2 0 0 1 24 0 1[3980)"
"拿剑被打_6282_6_6(1 2 0 0 1 24 0 1[3980)"
"斧头被打_6282_13_13(1 2 0 0 1 24 0 1[3980)"
"拿弓被打_6282_22_22(1 2 0 0 1 24 0 1[3980)"
"拿矛被打_6282_26_26(1 2 0 0 1 24 0 1[3980)"
"拿杖被打_6282_42_42(1 2 0 0 1 24 0 1[3980)"
"匕首被打_6282_48_48(1 2 0 0 1 24 0 1[3980)"
"双手剑被打_6282_52_52(1 2 0 0 1 24 0 1[3980)"
"双刀被打_6282_56_56(1 2 0 0 1 24 0 1[3980)"
"双爪被打_6282_60_60(1 2 0 0 1 24 0 1[3980)"
"飞镖被打_6282_64_64(1 2 0 0 1 24 0 1[3980)"
"空手攻击_6282_1_1(0 2 699 0 12 699 0 1]472!)"
"拿剑攻击_6282_5_5(0 2 699 0 13 699 0 1]472!)"
"斧头攻击_6282_12_12(0 2 699 0 15 699 0 1]472!)"
"拿杖攻击_6282_41_41(0 2 699 0 13 699 0 1]472!)"
"匕首攻击_6282_47_47(0 2 699 0 12 699 0 1]472!)"
"双手剑攻击_6282_51_51(0 2 699 0 17 699 0 1]472!)"
"双刀攻击_6282_55_55(0 2 699 0 13 699 0 1]459!)"
"双爪攻击_6282_59_59(0 2 699 0 13 699 0 1]459!)"
"有向魔法_6282_18_18(1 1 -1.0:0)"
"无向魔法_6282_19_19(1 1 -1.0:0)"
"影子图档宣告_5737_S_700 102(0)"
"光影图档宣告_5738_S_700 102(0) 104(8)"
