护身传送盾牌,16,1,1,3,2
护身传送宝石,16,1,1,3,2
红色情怀卷,16,1,1,3,2
一统天下卷,16,1,1,3,2
倚天屠龙卷,16,1,1,3,2
惊天动地卷,16,1,1,3,2
‖终极防御‖甲,16,1,1,3,2
‖终极防御‖衣,16,1,1,3,2
‖秒杀一切‖刃,16,1,1,3,2
绝对‰霸道I盔,16,1,1,3,2
绝对‰霸道I链,16,1,1,3,2
绝对‰霸道I盾,16,1,1,3,2
绝对‰霸道I手,16,1,1,3,2
绝对‰霸道I镯,16,1,1,3,2
绝对‰霸道I戒,16,1,1,3,2
绝对‰霸道I带,16,1,1,3,2
绝对‰霸道I圣,16,1,1,3,2
绝对‰霸道I靴,16,1,1,3,2
绝对‰霸道I石,16,1,1,3,2
绝对‰霸道I甲,16,1,1,3,2
绝对‰霸道I衣,16,1,1,3,2
‖红色情怀‖刃,16,1,1,3,2
‖红色情怀‖盔,16,1,1,3,2
‖红色情怀‖链,16,1,1,3,2
‖红色情怀‖盾,16,1,1,3,2
‖红色情怀‖手,16,1,1,3,2
‖红色情怀‖镯,16,1,1,3,2
‖红色情怀‖戒,16,1,1,3,2
‖红色情怀‖指,16,1,1,3,2
‖红色情怀‖圣,16,1,1,3,2
‖红色情怀‖带,16,1,1,3,2
‖红色情怀‖靴,16,1,1,3,2
‖红色情怀‖石,16,1,1,3,2
‖红色情怀‖甲,16,1,1,3,2
‖红色情怀‖衣,16,1,1,3,2
一统‰天下I链,16,1,1,3,2
一统‰天下I盔,16,1,1,3,2
一统‰天下I甲,16,1,1,3,2
一统‰天下I衣,16,1,1,3,2
一统‰天下I盾,16,1,1,3,2
一统‰天下I手,16,1,1,3,2
一统‰天下I镯,16,1,1,3,2
一统‰天下I戒,16,1,1,3,2
一统‰天下I指,16,1,1,3,2
一统‰天下I圣,16,1,1,3,2
一统‰天下I带,16,1,1,3,2
一统‰天下I靴,16,1,1,3,2
一统‰天下I石,16,1,1,3,2
一统‰天下I刃,16,1,1,3,2
‖倚天屠龙‖靴,16,1,1,3,2
‖倚天屠龙‖圣,16,1,1,3,2
‖倚天屠龙‖带,16,1,1,3,2
‖倚天屠龙‖石,16,1,1,3,2
‖倚天屠龙‖戒,16,1,1,3,2
‖倚天屠龙‖指,16,1,1,3,2
‖倚天屠龙‖手,16,1,1,3,2
‖倚天屠龙‖镯,16,1,1,3,2
‖倚天屠龙‖甲,16,1,1,3,2
‖倚天屠龙‖衣,16,1,1,3,2
‖倚天屠龙‖盾,16,1,1,3,2
‖倚天屠龙‖链,16,1,1,3,2
‖倚天屠龙‖盔,16,1,1,3,2
‖倚天屠龙‖刃,16,1,1,3,2
‖惊天动地‖链,16,1,1,3,2
‖惊天动地‖盔,16,1,1,3,2
‖惊天动地‖盾,16,1,1,3,2
‖惊天动地‖手,16,1,1,3,2
‖惊天动地‖甲,16,1,1,3,2
‖惊天动地‖镯,16,1,1,3,2
‖惊天动地‖戒,16,1,1,3,2
‖惊天动地‖指,16,1,1,3,2
‖惊天动地‖圣,16,1,1,3,2
‖惊天动地‖带,16,1,1,3,2
‖惊天动地‖靴,16,1,1,3,2
‖惊天动地‖石,16,1,1,3,2
‖惊天动地‖衣,16,1,1,3,2
‖惊天动地‖刃,16,1,1,3,2
dL舞⑼台g石,0,0,0,0,0
精忠报国￠甲,16,0,0,0,0
精忠报国￠衣,16,0,0,0,0
精忠报国￠刃,16,0,0,0,0
精忠报国￠手,16,0,0,0,0
精忠报国￠镯,16,0,0,0,0
精忠报国￠戒,16,0,0,0,0
精忠报国￠指,16,0,0,0,0
精忠报国￠圣,16,0,0,0,0
精忠报国￠带,16,0,0,0,0
精忠报国￠靴,16,0,0,0,0
精忠报国￠石,16,0,0,0,0
精忠报国￠盾,16,0,0,0,0
精忠报国￠链,16,0,0,0,0
精忠报国￠盔,16,0,0,0,0
大还丹(包),0,0,0,1,0
大还丹,0,0,0,0,0
金条,0,0,0,1,0
dL舞⑼台g石2,0,0,0,0,0
‖无敌‖秒杀甲,16,1,1,3,2
‖无敌‖秒杀袍,16,1,1,3,2
‖无敌‖秒杀斩,16,1,1,3,2
‖无敌‖秒杀盔,16,1,1,3,2
‖无敌‖秒杀链,16,1,1,3,2
‖无敌‖秒杀护,16,1,1,3,2
‖无敌‖秒杀盾,16,1,1,3,2
‖无敌‖秒杀手,16,1,1,3,2
‖无敌‖秒杀镯,16,1,1,3,2
‖无敌‖秒杀戒,16,1,1,3,2
‖无敌‖秒杀指,16,1,1,3,2
‖无敌‖秒杀带,16,1,1,3,2
‖无敌‖秒杀靴,16,1,1,3,2
‖无敌‖秒杀石,16,1,1,3,2
‖无敌‖秒杀,16,1,1,3,2
‖终极至尊‖斩,16,1,1,3,2
‖终极至尊‖甲,16,1,1,3,2
‖终极至尊‖袍,16,1,1,3,2
‖终极至尊‖盔,16,1,1,3,2
‖终极至尊‖链,16,1,1,3,2
‖终极至尊‖护,16,1,1,3,2
‖终极至尊‖盾,16,1,1,3,2
‖终极至尊‖手,16,1,1,3,2
‖终极至尊‖镯,16,1,1,3,2
‖终极至尊‖戒,16,1,1,3,2
‖终极至尊‖指,16,1,1,3,2
‖终极至尊‖带,16,1,1,3,2
‖终极至尊‖靴,16,1,1,3,2
‖终极至尊‖石,16,1,1,3,2
‖终极至尊‖,16,1,1,3,2
处女吸血剑,16,1,1,3,2
‖秒杀‖无敌手,16,1,1,3,2
‖秒杀‖无敌镯,16,1,1,3,2
‖秒杀‖无敌戒,16,1,1,3,2
‖秒杀‖无敌指,16,1,1,3,2
‖秒杀‖无敌盾,16,1,1,3,2
‖秒杀‖无敌链,16,1,1,3,2
‖秒杀‖无敌盔,16,1,1,3,2
‖秒杀‖无敌斩,16,1,1,3,2
‖秒杀‖无敌甲,16,1,1,3,2
‖秒杀‖无敌,16,1,1,3,2
‖秒杀‖无敌带,16,1,1,3,2
‖秒杀‖无敌靴,16,1,1,3,2
‖秒杀‖无敌石,16,1,1,3,2
‖秒杀‖无敌袍,16,1,1,3,2
qq无敌斩,16,1,1,3,2
‖qq‖无敌袍,16,1,1,3,2
幽灵毒戒,16,1,1,3,2
暴风圣戒,16,1,1,3,2
五倍经验刀,16,1,1,3,2
双倍经验之戒,16,1,1,3,2
双倍经验盾牌,16,1,1,3,2
双倍经验宝石,16,1,1,3,2
‖潇洒耶苏‖盔,16,1,1,3,2
‖潇洒耶苏‖链,16,1,1,3,2
‖潇洒耶苏‖护,16,1,1,3,2
‖潇洒耶苏‖斩,16,1,1,3,2
‖潇洒耶苏‖甲,16,1,1,3,2
‖潇洒耶苏‖袍,16,1,1,3,2
‖潇洒耶苏‖盾,16,1,1,3,2
‖潇洒耶苏‖手,16,1,1,3,2
‖潇洒耶苏‖镯,16,1,1,3,2
‖潇洒耶苏‖戒,16,1,1,3,2
‖潇洒耶苏‖指,16,1,1,3,2
‖潇洒耶苏‖带,16,1,1,3,2
‖潇洒耶苏‖靴,16,1,1,3,2
‖潇洒耶苏‖石,16,1,1,3,2
‖潇洒耶苏‖圣,16,1,1,3,2
‖潇洒耶苏‖,16,1,1,3,2
VIP秒杀K盔L,16,1,1,3,2
VIP秒杀K链L,16,1,1,3,2
VIP秒杀K盾L,16,1,1,3,2
VIP秒杀K手L,16,1,1,3,2
VIP秒杀K镯L,16,1,1,3,2
VIP秒杀K戒L,16,1,1,3,2
VIP秒杀K指L,16,1,1,3,2
VIP秒杀K带L,16,1,1,3,2
VIP秒杀K靴L,16,1,1,3,2
VIP秒杀K石L,16,1,1,3,2
VIP秒杀K斩L,16,1,1,3,2
VIP秒杀K符L,16,1,1,3,2
‖无敌小子‖盔,16,1,1,3,2
‖无敌小子‖链,16,1,1,3,2
‖无敌小子‖手,16,1,1,3,2
‖无敌小子‖镯,16,1,1,3,2
‖无敌小子‖盾,16,1,1,3,2
‖无敌小子‖戒,16,1,1,3,2
‖无敌小子‖指,16,1,1,3,2
‖无敌小子‖带,16,1,1,3,2
‖无敌小子‖圣,16,1,1,3,2
‖无敌小子‖靴,16,1,1,3,2
‖无敌小子‖石,16,1,1,3,2
‖无敌小子‖刃,16,1,1,3,2
‖无敌小子‖甲,16,1,1,3,2
‖唯我独尊‖甲,16,1,1,3,2
‖唯我独尊‖刃,16,1,1,3,2
‖唯我独尊‖盔,16,1,1,3,2
‖唯我独尊‖链,16,1,1,3,2
‖唯我独尊‖盾,16,1,1,3,2
‖唯我独尊‖镯,16,1,1,3,2
‖唯我独尊‖手,16,1,1,3,2
‖唯我独尊‖戒,16,1,1,3,2
‖唯我独尊‖指,16,1,1,3,2
‖唯我独尊‖圣,16,1,1,3,2
‖唯我独尊‖带,16,1,1,3,2
‖唯我独尊‖靴,16,1,1,3,2
‖唯我独尊‖石,16,1,1,3,2
‖齐天大圣‖刃 ,16,1,1,2,0
‖齐天大圣‖甲,16,1,1,2,0
‖齐天大圣‖盔,16,1,1,2,0
‖齐天大圣‖盾,16,1,1,2,0
‖齐天大圣‖手,16,1,1,2,0
‖齐天大圣‖镯,16,1,1,2,0
‖齐天大圣‖指,16,1,1,2,0
‖齐天大圣‖戒,16,1,1,2,0
‖齐天大圣‖圣,16,1,1,2,0
‖齐天大圣‖靴,16,1,1,2,0
‖齐天大圣‖带,16,1,1,2,0
‖齐天大圣‖石,16,1,1,2,0
‖齐天大圣‖刃,16,1,1,2,0
‖观音菩萨‖刃 ,16,1,1,2,0
‖观音菩萨‖甲 ,16,1,1,2,0
‖观音菩萨‖链,16,1,1,2,0
‖观音菩萨‖盔,16,1,1,2,0
‖观音菩萨‖石,16,1,1,2,0
‖观音菩萨‖靴,16,1,1,2,0
‖观音菩萨‖带,16,1,1,2,0
‖观音菩萨‖圣,16,1,1,2,0
‖观音菩萨‖甲,16,1,1,2,0
‖观音菩萨‖刃,16,1,1,2,0
‖观音菩萨‖手,16,1,1,2,0
‖观音菩萨‖镯,16,1,1,2,0
‖观音菩萨‖戒,16,1,1,2,0
‖观音菩萨‖指,16,1,1,2,0
‖观音菩萨‖盾,16,1,1,2,0
o澈月之刃,7,1,1,3,2
终极防御(男),7,1,1,3,2
终极防御(女),7,1,1,3,2
圆月弯刀,7,1,1,3,2
冰晶战刃,7,1,1,3,2
日本闪中斩,2,1,1,3,2
无敌守护龙,2,1,1,3,2
6倍经验头盔,2,1,1,3,2
6倍经验项链,2,1,1,3,2
6倍经验手镯,2,1,1,3,2
6倍经验戒指,2,1,1,3,2
10倍经验武器,2,1,1,3,2
藐视一切べ刃,12,1,1,3,2
藐视一切べ镯,12,1,1,3,2
藐视一切べ盾,12,1,1,3,2
藐视一切べ链,12,1,1,3,2
藐视一切べ盔,12,1,1,3,2
藐视一切べ石,12,1,1,3,2
藐视一切べ带,12,1,1,3,2
藐视一切べ靴,12,1,1,3,2
藐视一切べ符,12,1,1,3,2
藐视一切べ戒,12,1,1,3,2
藐视一切べ甲,12,1,1,3,2
藐视一切べ袍,12,1,1,3,2
J花心斩J ,12,1,1,3,2
5倍爆率佛戒,12,1,1,3,2
3倍爆率佛戒,12,1,1,3,2
忍者无敌甲,12,1,1,3,2
诅咒扇,12,1,1,3,2
大老板勋章,12,1,1,3,2
十倍经验刀,12,1,1,3,2
八倍经验刀,12,1,1,3,2
六倍经验刀,12,1,1,3,2
绝世好剑 ,12,1,1,3,2
绝对防御男,12,1,1,3,2
绝对防御女,12,1,1,3,2
傲视群雄べ刃 ,12,1,1,3,2
傲视群雄べ盔 ,12,1,1,3,2
傲视群雄べ甲,12,1,1,3,2
傲视群雄べ戒,12,1,1,3,2
傲视群雄べ镯,12,1,1,3,2
傲视群雄べ盾,12,1,1,3,2
傲视群雄べ链,12,1,1,3,2
傲视群雄べ符,12,1,1,3,2
傲视群雄べ带,12,1,1,3,2
傲视群雄べ靴,12,1,1,3,2
傲视群雄べ石,12,1,1,3,2
唯我独尊べ斩,12,1,1,3,2
唯我独尊べ链,12,1,1,3,2
唯我独尊べ甲,12,1,1,3,2
唯我独尊べ袍,12,1,1,3,2
唯我独尊べ盔,12,1,1,3,2
唯我独尊べ盾,12,1,1,3,2
唯我独尊べ镯,12,1,1,3,2
唯我独尊べ戒,12,1,1,3,2
唯我独尊べ带,12,1,1,3,2
唯我独尊べ靴,12,1,1,3,2
唯我独尊べ石,12,1,1,3,2
J花心斩J,12,1,1,3,2
防麻痹之戒,12,1,1,3,2
斩妖除魔べ斩,12,1,1,3,2
破复活盾牌,12,1,1,3,2
忍者无敌袍,12,1,1,3,2
绝世好剑,12,1,1,3,2
5倍爆率神戒,12,1,1,3,2
防麻痹盾牌,12,1,1,3,2
‖殇魂‖石,16,1,1,3,0
‖殇魂‖符,16,1,1,3,0
,0,0,0,0,0
‖藐视全区‖刃,16,1,1,2,0
蛇王肉(包),16,0,0,0,0
‖二倍攻击‖盔,16,1,1,2,0
大老板翡翠,16,1,1,2,0
终极之刃,16,1,1,2,0
终级防御（男）,16,1,1,2,0
终级防御（女）,16,1,1,2,0
秒杀刃,16,1,1,2,0
秒杀(甲),16,1,1,2,0
秒杀(袍),16,1,1,2,0
秒杀头,16,1,1,2,0
秒杀链,16,1,1,2,0
秒杀章,16,1,1,2,0
秒杀镯,16,1,1,2,0
秒杀戒,16,1,1,2,0
秒杀带,16,1,1,2,0
秒杀靴,16,1,1,2,0
秒杀石,16,1,1,2,0
秒杀盾,16,1,1,2,0
暴风戒指,16,1,1,3,0
I谫Y`畅I石,16,1,1,3,0
I谫Y`畅I靴,16,1,1,3,0
I谫Y`畅I带,16,1,1,3,0
I谫Y`畅I指,16,1,1,3,0
I谫Y`畅I圣,16,1,1,3,0
I谫Y`畅I戒,16,1,1,3,0
I谫Y`畅I镯,16,1,1,3,0
I谫Y`畅I手,16,1,1,3,0
I谫Y`畅I盾,16,1,1,3,0
I谫Y`畅I链,16,1,1,3,0
I谫Y`畅I盔,16,1,1,3,0
I谫Y`畅I衣,16,1,1,3,0
I谫Y`畅I甲,16,1,1,3,0
I谫Y`畅I刃,16,1,1,3,0
`弛,16,1,1,3,0
秒杀一切刃,16,1,1,3,0
终极防御,16,1,1,3,0
杀气十足之刀,16,1,1,3,0
杀气十足之盾,16,1,1,3,0
杀气十足之盔,16,1,1,3,0
杀气十足之石,16,1,1,3,0
杀气十足之靴,16,1,1,3,0
杀气十足腰带,16,1,1,3,0
杀气十足之指,16,1,1,3,0
杀气十足之戒,16,1,1,3,0
杀气十足之手,16,1,1,3,0
杀气十足之链,16,1,1,3,0
王者之刀,16,1,1,3,0
王者之翼(男),16,1,1,3,0
王者之盾,16,1,1,3,0
王者之盔,16,1,1,3,0
王者之石,16,1,1,3,0
王者之靴,16,1,1,3,0
王者腰带,16,1,1,3,0
王者之指,16,1,1,3,0
王者之戒,16,1,1,3,0
王者之手,16,1,1,3,0
王者之链,16,1,1,3,0
单挑王之刀,16,1,1,3,0
单挑王之翼(男),16,1,1,3,0
单挑王之盾,16,1,1,3,0
单挑王之盔,16,1,1,3,0
单挑王之石,16,1,1,3,0
单挑王之靴,16,1,1,3,0
单挑王之指,16,1,1,3,0
单挑王之戒,16,1,1,3,0
单挑王之手,16,1,1,3,0
单挑王之链,16,1,1,3,0
导弹防弹衣,16,1,1,3,0
【秒`j】石,16,1,1,3,0
【秒`j】靴,16,1,1,3,0
【秒`j】带,16,1,1,3,0
【秒`j】圣,16,1,1,3,0
【秒`j】指,16,1,1,3,0
【秒`j】戒,16,1,1,3,0
【秒`j】镯,16,1,1,3,0
【秒`j】手,16,1,1,3,0
【秒`j】盾,16,1,1,3,0
【秒`j】链,16,1,1,3,0
【秒`j】盔,16,1,1,3,0
【秒`j】衣,16,1,1,3,0
【秒`j】甲,16,1,1,3,0
【秒`j】刃,16,1,1,3,0
‖终极悠闲‖刃,16,1,1,3,0
‖终极悠闲‖甲,16,1,1,3,0
‖终极悠闲‖盔,16,1,1,3,0
‖终极悠闲‖链,16,1,1,3,0
‖终极悠闲‖盾,16,1,1,3,0
‖终极悠闲‖手,16,1,1,3,0
‖终极悠闲‖镯,16,1,1,3,0
‖终极悠闲‖戒,16,1,1,3,0
‖终极悠闲‖指,16,1,1,3,0
‖终极悠闲‖圣,16,1,1,3,0
‖终极悠闲‖带,16,1,1,3,0
‖终极悠闲‖靴,16,1,1,3,0
‖终极悠闲‖石,16,1,1,3,0
步步秒之神,16,1,1,3,0
导弹防弹甲,16,1,1,3,0
王者霸气刀,16,1,1,3,0
杀气十足头盔,16,1,1,3,0
杀气十足翼(男),16,1,1,3,0
情花专属‖斩,16,1,1,3,0
骑士之刃,16,1,1,3,0
武道之刃,16,1,1,3,0
武道战衣,16,1,1,3,0
骑士战衣,16,1,1,3,0
幸福美满头盔,16,1,1,3,0
幸福美满甲,16,1,1,3,0
幸福美满戒指,16,1,1,3,0
幸福美满之戒,16,1,1,3,0
幸福美满之盾,16,1,1,3,0
幸福美满宝石,16,1,1,3,0
幸福美满要带,16,1,1,3,0
幸福美满左手,16,1,1,3,0
幸福美满右手,16,1,1,3,0
幸福美满项链,16,1,1,3,0
天崩地裂之刃,16,1,1,3,0
☆漂亮宝贝☆刃,16,1,1,3,0
I绝对无敌I石,16,1,1,3,0
I绝对无敌I带,16,1,1,3,0
I绝对无敌I圣,16,1,1,3,0
I绝对无敌I手,16,1,1,3,0
I绝对无敌I镯,16,1,1,3,0
I绝对无敌I戒,16,1,1,3,0
I绝对无敌I指,16,1,1,3,0
I绝对无敌I盔,16,1,1,3,0
I绝对无敌I链,16,1,1,3,0
I绝对无敌I盾,16,1,1,3,0
I绝对无敌I靴,16,1,1,3,0
I绝对无敌I刃,16,1,1,3,0
I绝对无敌I甲,16,1,1,3,0
★巅峰绝对★石,16,1,1,3,0
★巅峰绝对★带,16,1,1,3,0
★巅峰绝对★盔,16,1,1,3,0
★巅峰绝对★靴,16,1,1,3,0
★巅峰绝对★圣,16,1,1,3,0
★巅峰绝对★戒,16,1,1,3,0
★巅峰绝对★指,16,1,1,3,0
★巅峰绝对★盾,16,1,1,3,0
★巅峰绝对★链,16,1,1,3,0
★巅峰绝对★刃,16,1,1,3,0
★巅峰绝对★甲,16,1,1,3,0
I谫Yo畅I石,16,1,1,3,0
I谫Yo畅I带,16,1,1,3,0
I谫Yo畅I手,16,1,1,3,0
I谫Yo畅I镯,16,1,1,3,0
I谫Yo畅I指,16,1,1,3,0
I谫Yo畅I戒,16,1,1,3,0
I谫Yo畅I靴,16,1,1,3,0
I谫Yo畅I圣,16,1,1,3,0
I谫Yo畅I甲,16,1,1,3,0
I谫Yo畅I刃,16,1,1,3,0
I谫Yo畅I链,16,1,1,3,0
I谫Yo畅I盾,16,1,1,3,0
I谫Yo畅I盔,16,1,1,3,0
☆^B☆刃,16,1,1,3,0
‖武林至尊‖石,16,1,1,3,0
‖武林至尊‖带,16,1,1,3,0
‖武林至尊‖靴,16,1,1,3,0
‖武林至尊‖圣,16,1,1,3,0
‖武林至尊‖手,16,1,1,3,0
‖武林至尊‖镯,16,1,1,3,0
‖武林至尊‖戒,16,1,1,3,0
‖武林至尊‖指,16,1,1,3,0
‖武林至尊‖甲,16,1,1,3,0
‖武林至尊‖刃,16,1,1,3,0
‖武林至尊‖盾,16,1,1,3,0
‖武林至尊‖链,16,1,1,3,0
‖武林至尊‖盔,16,1,1,3,0
护身盾牌,16,1,1,3,0
护身宝石,16,1,1,3,0
‖傲视全区‖刃,16,1,1,3,0
‖偷袭王‖倒,16,1,1,3,0
休闲‰无敌I石,16,1,1,3,0
休闲‰无敌I带,16,1,1,3,0
休闲‰无敌I靴,16,1,1,3,0
休闲‰无敌I盔,16,1,1,3,0
休闲‰无敌I手,16,1,1,3,0
休闲‰无敌I镯,16,1,1,3,0
休闲‰无敌I戒,16,1,1,3,0
休闲‰无敌I指,16,1,1,3,0
休闲‰无敌I链,16,1,1,3,0
休闲‰无敌I盾,16,1,1,3,0
休闲‰无敌I圣,16,1,1,3,0
休闲‰无敌I甲,16,1,1,3,0
休闲‰无敌I衣,16,1,1,3,0
休闲‰无敌I刃,16,1,1,3,0
≮谁与争锋≯斩,16,1,1,3,0
★绝对防御★衣,16,1,1,3,0
①①★盔,16,1,1,3,0
①①★带,16,1,1,3,0
①①★靴,16,1,1,3,0
①①★甲,16,1,1,3,0
①①★衣,16,1,1,3,0
①①★手,16,1,1,3,0
①①★镯,16,1,1,3,0
①①★戒,16,1,1,3,0
①①★指,16,1,1,3,0
①①★刃,16,1,1,3,0
①①★链,16,1,1,3,0
①①★盾,16,1,1,3,0
①①★圣,16,1,1,3,0
①①★石,16,1,1,3,0
①①★套,16,1,1,3,0
━T☆o情づ圣,16,1,1,3,0
dL舞⑼台g镯,16,1,1,3,0
dL舞⑼台g手,16,1,1,3,0
dL舞⑼台g带,16,1,1,3,0
dL舞⑼台g盔,16,1,1,3,0
dL舞⑼台g衣,16,1,1,3,0
dL舞⑼台g甲,16,1,1,3,0
dL舞⑼台g刃,16,1,1,3,0
dL舞⑼台g戒,16,1,1,3,0
dL舞⑼台g指,16,1,1,3,0
dL舞⑼台g靴,16,1,1,3,0
dL舞⑼台g圣,16,1,1,3,0
dlchg石,16,1,1,3,0
dlchg带,16,1,1,3,0
dlchg靴,16,1,1,3,0
dlchg圣,16,1,1,3,0
dlchg戒,16,1,1,3,0
dlchg指,16,1,1,3,0
dlchg手,16,1,1,3,0
dlchg镯,16,1,1,3,0
dlchg盾,16,1,1,3,0
dlchg甲,16,1,1,3,0
dlchg衣,16,1,1,3,0
dlchg链,16,1,1,3,0
dlchg盔,16,1,1,3,0
dlchg刃,16,1,1,3,0
dwg石,16,1,1,3,0
dwg带,16,1,1,3,0
dwg靴,16,1,1,3,0
dwg圣,16,1,1,3,0
dwg手,16,1,1,3,0
dwg镯,16,1,1,3,0
dwg指,16,1,1,3,0
dwg戒,16,1,1,3,0
dwg盾,16,1,1,3,0
dwg链,16,1,1,3,0
dwg甲,16,1,1,3,0
dwg衣,16,1,1,3,0
dwg盔,16,1,1,3,0
dwg刃,16,1,1,3,0
◇君临天下◇刃,16,1,1,3,0
◇君临天下◇石,16,1,1,3,0
dL舞⑼台g盾,16,1,1,3,0
◆霸Z⑩X◆镯,16,1,1,2,1
◆霸Z⑩X◆手,16,1,1,2,1
◆霸Z⑩X◆戒,16,1,1,2,1
◆霸Z⑩X◆指,16,1,1,2,1
◆霸Z⑩X◆带,16,1,1,2,1
◆霸Z⑩X◆靴,16,1,1,2,1
◆霸Z⑩X◆石,16,1,1,2,1
◆霸Z⑩X◆盾,16,1,1,2,1
◆霸Z⑩X◆链,16,1,1,2,1
◆霸Z⑩X◆甲,16,1,1,2,1
◆霸Z⑩X◆刃,16,1,1,2,1
◆霸Z⑩X◆盔,16,1,1,2,1
★鹞佟镲,16,1,1,2,1
★鹞佟锸,16,1,1,2,1
★鹞佟锝,16,1,1,2,1
★鹞佟镏,16,1,1,2,1
★鹞佟锎,16,1,1,2,1
★鹞佟镅,16,1,1,2,1
★鹞佟锸,16,1,1,2,1
★鹞佟锒,16,1,1,2,1
★鹞佟锪,16,1,1,2,1
★鹞佟锛,16,1,1,2,1
★鹞佟锶,16,1,1,2,1
★鹞佟锟,16,1,1,2,1
☆魔o☆盾,16,1,1,2,1
☆魔o☆刃,16,1,1,2,1
‖秒杀一切‖衣,16,1,1,2,1
F族藐视刃,16,1,1,3,0
至尊无上ㄨ石,16,1,1,3,0
至尊无上ㄨ带,16,1,1,3,0
至尊无上ㄨ靴,16,1,1,3,0
至尊无上ㄨ圣,16,1,1,3,0
至尊无上ㄨ刃,16,1,1,3,0
至尊无上ㄨ甲,16,1,1,3,0
至尊无上ㄨ链,16,1,1,3,0
至尊无上ㄨ盔,16,1,1,3,0
至尊无上ㄨ手,16,1,1,3,0
至尊无上ㄨ镯,16,1,1,3,0
至尊无上ㄨ盾,16,1,1,3,0
至尊无上ㄨ戒,16,1,1,3,0
至尊无上ㄨ指,16,1,1,3,0
━T☆o情づ靴,16,1,1,3,0
━T☆o情づ带,16,1,1,3,0
━T☆o情づ石,16,1,1,3,0
━T☆o情づ盔,16,1,1,3,0
━T☆o情づ甲,16,1,1,3,0
━T☆o情づ刃,16,1,1,3,0
━T☆o情づ盾,16,1,1,3,0
━T☆o情づ链,16,1,1,3,0
━T☆o情づ手,16,1,1,3,0
━T☆o情づ镯,16,1,1,3,0
━T☆o情づ戒,16,1,1,3,0
━T☆o情づ指,16,1,1,3,0
★绝对防御★甲,16,1,1,3,0
‖一统天国‖盾,16,1,1,3,0
‖一统天国‖手,16,1,1,3,0
‖一统天国‖镯,16,1,1,3,0
‖一统天国‖戒,16,1,1,3,0
‖一统天国‖指,16,1,1,3,0
‖一统天国‖盔,16,1,1,3,0
‖一统天国‖链,16,1,1,3,0
‖一统天国‖甲,16,1,1,3,0
‖一统天国‖刃,16,1,1,3,0
‖一统天国‖靴,16,1,1,3,0
‖一统天国‖圣,16,1,1,3,0
‖一统天国‖石,16,1,1,3,0
‖一统天国‖带,16,1,1,3,0
╉绨缘订,16,1,1,3,0
╉珂i心╊,16,1,1,3,0
╉绗骨镯╊,16,1,1,3,0
急速Ж神戒,16,1,1,3,0
‖啸傲江湖‖石,16,1,1,3,1
‖啸傲江湖‖靴,16,1,1,3,1
‖啸傲江湖‖带,16,1,1,3,1
‖啸傲江湖‖圣,16,1,1,3,1
‖啸傲江湖‖指,16,1,1,3,1
‖啸傲江湖‖戒,16,1,1,3,1
‖啸傲江湖‖盾,16,1,1,3,1
‖啸傲江湖‖衣,16,1,1,3,1
‖啸傲江湖‖甲,16,1,1,3,1
‖啸傲江湖‖斩,16,1,1,3,1
‖啸傲江湖‖链,16,1,1,3,1
‖啸傲江湖‖盔,16,1,1,3,1
‖啸傲江湖‖手,16,1,1,3,1
‖啸傲江湖‖镯,16,1,1,3,1
‖一统天国‖斩,16,1,1,3,1
╉绨哉订,16,1,1,3,1
‖休闲运动‖衣,16,1,1,3,0
‖休闲运动‖甲,16,1,1,3,0
‖休闲运动‖刃,16,1,1,3,0
‖休闲运动‖盔,16,1,1,3,0
‖休闲运动‖手,16,1,1,3,0
‖休闲运动‖镯,16,1,1,3,0
‖休闲运动‖指,16,1,1,3,0
‖休闲运动‖戒,16,1,1,3,0
‖休闲运动‖链,16,1,1,3,0
‖休闲运动‖盾,16,1,1,3,0
‖休闲运动‖圣,16,1,1,3,0
‖休闲运动‖靴,16,1,1,3,0
‖休闲运动‖带,16,1,1,3,0
‖休闲运动‖石,16,1,1,3,0
‖终极狂杀‖石,16,1,1,3,0
‖终极狂杀‖手,16,1,1,3,0
‖终极狂杀‖镯,16,1,1,3,0
‖终极狂杀‖带,16,1,1,3,0
‖终极狂杀‖盔,16,1,1,3,0
‖终极狂杀‖刃,16,1,1,3,0
‖终极狂杀‖链,16,1,1,3,0
‖终极狂杀‖指,16,1,1,3,0
‖终极狂杀‖戒,16,1,1,3,0
‖终极狂杀‖盾,16,1,1,3,0
‖终极狂杀‖圣,16,1,1,3,0
‖终极狂杀‖靴,16,1,1,3,0
‖终极狂杀‖甲,16,1,1,3,0
‖终极狂杀‖衣,16,1,1,3,0
中国航空石,16,1,1,3,0
‖一统天下‖刃,16,1,1,3,0
‖一统天下‖手,16,1,1,3,0
‖一统天下‖镯,16,1,1,3,0
‖一统天下‖链,16,1,1,3,0
‖一统天下‖盾,16,1,1,3,0
‖一统天下‖盔,16,1,1,3,0
‖一统天下‖戒,16,1,1,3,0
‖一统天下‖指,16,1,1,3,0
‖一统天下‖带,16,1,1,3,0
‖一统天下‖靴,16,1,1,3,0
‖一统天下‖石,16,1,1,3,0
‖一统天下‖圣,16,1,1,3,0
‖一统天下‖甲,16,1,1,3,0
◆罪孽深重◆盔,16,1,1,3,0
◆罪孽深重◆手,16,1,1,3,0
◆罪孽深重◆镯,16,1,1,3,0
◆罪孽深重◆甲,16,1,1,3,0
◆罪孽深重◆链,16,1,1,3,0
◆罪孽深重◆刃,16,1,1,3,0
◆罪孽深重◆盾,16,1,1,3,0
◆罪孽深重◆指,16,1,1,3,0
◆罪孽深重◆戒,16,1,1,3,0
◆罪孽深重◆圣,16,1,1,3,0
◆罪孽深重◆靴,16,1,1,3,0
◆罪孽深重◆带,16,1,1,3,0
◆罪孽深重◆石,16,1,1,3,0
★红色情怀★刃,16,1,1,3,0
★红色情怀★手,16,1,1,3,0
★红色情怀★镯,16,1,1,3,0
★红色情怀★甲,16,1,1,3,0
★红色情怀★盔,16,1,1,3,0
★红色情怀★链,16,1,1,3,0
★红色情怀★盾,16,1,1,3,0
★红色情怀★戒,16,1,1,3,0
★红色情怀★指,16,1,1,3,0
★红色情怀★石,16,1,1,3,0
★红色情怀★带,16,1,1,3,0
★红色情怀★圣,16,1,1,3,0
★红色情怀★靴,16,1,1,3,0
★红色情怀★衣,16,1,1,3,0
‖一统天下‖衣,16,1,1,3,0
◆罪孽深重◆衣,16,1,1,3,0
━T☆o长胖,16,1,1,3,0
━T☆o长沤,16,1,1,3,0
━T☆o长攀,16,1,1,3,0
━T☆o长棚,16,1,1,3,0
━T☆o长帕,16,1,1,3,0
━T☆o长哦,16,1,1,3,0
━T☆o长盘,16,1,1,3,0
━T☆o长偶,16,1,1,3,0
━T☆o长耪,16,1,1,3,0
━T☆o长趴,16,1,1,3,0
━T☆o长徘,16,1,1,3,0
━T☆o长叛,16,1,1,3,0
━T☆o长糯,16,1,1,3,0
━T☆o长攀,16,1,1,3,0
‖万人之上‖刃,16,1,1,3,0
横扫千军☆戒,16,1,1,3,0
横扫千军☆指,16,1,1,3,0
横扫千军☆手,16,1,1,3,0
横扫千军☆镯,16,1,1,3,0
横扫千军☆甲,16,1,1,3,0
横扫千军☆链,16,1,1,3,0
横扫千军☆盔,16,1,1,3,0
横扫千军☆影,16,1,1,3,0
横扫千军☆符,16,1,1,3,0
横扫千军☆带,16,1,1,3,0
横扫千军☆靴,16,1,1,3,0
横扫千军☆石,16,1,1,3,0
横扫千军☆斩,16,1,1,3,0
忍者无敌☆符,16,1,1,3,0
忍者无敌☆手,16,1,1,3,0
忍者无敌☆镯,16,1,1,3,0
忍者无敌☆戒,16,1,1,3,0
忍者无敌☆指,16,1,1,3,0
忍者无敌☆甲,16,1,1,3,0
忍者无敌☆衣,16,1,1,3,0
忍者无敌☆盔,16,1,1,3,0
忍者无敌☆斩,16,1,1,3,0
忍者无敌☆带,16,1,1,3,0
忍者无敌☆靴,16,1,1,3,0
忍者无敌☆石,16,1,1,3,0
忍者无敌☆链,16,1,1,3,0
忍者无敌☆影,16,1,1,3,0
唯我独尊☆符,16,1,1,3,0
唯我独尊☆带,16,1,1,3,0
唯我独尊☆靴,16,1,1,3,0
唯我独尊☆石,16,1,1,3,0
唯我独尊☆戒,16,1,1,3,0
唯我独尊☆指,16,1,1,3,0
唯我独尊☆手,16,1,1,3,0
唯我独尊☆镯,16,1,1,3,0
唯我独尊☆甲,16,1,1,3,0
唯我独尊☆影,16,1,1,3,0
唯我独尊☆斩,16,1,1,3,0
唯我独尊☆盔,16,1,1,3,0
唯我独尊☆链,16,1,1,3,0
唯我独尊☆衣,16,1,1,3,0
斩妖除魔☆符,16,1,1,3,0
斩妖除魔☆带,16,1,1,3,0
斩妖除魔☆靴,16,1,1,3,0
斩妖除魔☆石,16,1,1,3,0
斩妖除魔☆戒,16,1,1,3,0
斩妖除魔☆指,16,1,1,3,0
斩妖除魔☆手,16,1,1,3,0
斩妖除魔☆镯,16,1,1,3,0
斩妖除魔☆甲,16,1,1,3,0
斩妖除魔☆斩,16,1,1,3,0
斩妖除魔☆影,16,1,1,3,0
斩妖除魔☆链,16,1,1,3,0
斩妖除魔☆盔,16,1,1,3,0
斩妖除魔☆衣,16,1,1,3,0
风流潇洒☆符,16,1,1,3,0
风流潇洒☆带,16,1,1,3,0
风流潇洒☆靴,16,1,1,3,0
风流潇洒☆石,16,1,1,3,0
风流潇洒☆戒,16,1,1,3,0
风流潇洒☆指,16,1,1,3,0
风流潇洒☆手,16,1,1,3,0
风流潇洒☆镯,16,1,1,3,0
风流潇洒☆甲,16,1,1,3,0
风流潇洒☆斩,16,1,1,3,0
风流潇洒☆影,16,1,1,3,0
风流潇洒☆链,16,1,1,3,0
风流潇洒☆盔,16,1,1,3,0
风流潇洒☆衣,16,1,1,3,0
王者勋章,16,1,1,3,0
天地之抉择,16,1,1,3,0
破军,16,1,1,3,0
终极防御(男）,16,1,1,3,0
p唐SopI,16,1,1,3,0
p唐SopI甲,16,1,1,3,0
p唐SopI袍,16,1,1,3,0
p唐SopI石,16,1,1,3,0
p唐SopI戒,16,1,1,3,0
p群魔y舞I斩,16,1,1,3,0
p群魔y舞I甲,16,1,1,3,0
p群魔y舞I盔,16,1,1,3,0
p群魔y舞I袍,16,1,1,3,0
p群魔y舞I链,16,1,1,3,0
p群魔y舞I盾,16,1,1,3,0
p群魔y舞I手,16,1,1,3,0
p群魔y舞I镯,16,1,1,3,0
p群魔y舞I戒,16,1,1,3,0
p群魔y舞I指,16,1,1,3,0
p群魔y舞I带,16,1,1,3,0
p群魔y舞I靴,16,1,1,3,0
p群魔y舞I石,16,1,1,3,0
p群魔y舞I圣,16,1,1,3,0
p群魔y舞I护,16,1,1,3,0
‖藐视一切‖甲,16,1,1,3,2
‖藐视一切‖链,16,1,1,3,2
‖藐视一切‖盔,16,1,1,3,2
‖藐视一切‖手,16,1,1,3,2
‖藐视一切‖镯,16,1,1,3,2
‖藐视一切‖戒,16,1,1,3,2
‖藐视一切‖指,16,1,1,3,2
‖藐视一切‖带,16,1,1,3,2
‖藐视一切‖靴,16,1,1,3,2
‖藐视一切‖石,16,1,1,3,2
‖藐视一切‖斩,16,1,1,3,2
‖藐视一切‖袍,16,1,1,3,2
‖藐视一切‖盾,16,1,1,3,2
‖藐视一切‖球,16,1,1,3,2
‖藐视一切‖,16,1,1,3,2
‖藐视全服‖链,16,1,1,3,2
‖藐视全服‖盔,16,1,1,3,2
‖藐视全服‖手,16,1,1,3,2
‖藐视全服‖镯,16,1,1,3,2
‖藐视全服‖戒,16,1,1,3,2
‖藐视全服‖指,16,1,1,3,2
‖藐视全服‖带,16,1,1,3,2
‖藐视全服‖靴,16,1,1,3,2
‖藐视全服‖石,16,1,1,3,2
‖藐视全服‖斩,16,1,1,3,2
‖藐视全服‖袍,16,1,1,3,2
‖藐视全服‖甲,16,1,1,3,2
‖藐视全服‖盾,16,1,1,3,2
‖藐视全服‖,16,1,1,3,2
o趁肷薄┱,16,1,1,3,2
o撤烙々袍,16,1,1,3,2
o撤烙々甲,16,1,1,3,2
o臣铀佟┙,16,1,1,3,2
‖壹y天下‖手,16,1,1,3,2
‖壹y天下‖镯,16,1,1,3,2
‖壹y天下‖戒,16,1,1,3,2
‖壹y天下‖指,16,1,1,3,2
‖壹y天下‖带,16,1,1,3,2
‖壹y天下‖石,16,1,1,3,2
‖壹y天下‖斩,16,1,1,3,2
‖壹y天下‖袍,16,1,1,3,2
‖壹y天下‖靴,16,1,1,3,2
‖壹y天下‖甲,16,1,1,3,2
‖壹y天下‖盾,16,1,1,3,2
‖壹y天下‖,16,1,1,3,2
━T☆o长,16,1,1,3,2
‖罪孽深重‖衣,16,1,1,3,0
‖罪孽深重‖镯,16,1,1,3,0
‖罪孽深重‖刃,16,1,1,3,0
‖罪孽深重‖盔,16,1,1,3,0
‖罪孽深重‖链,16,1,1,3,0
‖罪孽深重‖指,16,1,1,3,0
‖罪孽深重‖戒,16,1,1,3,0
‖罪孽深重‖带,16,1,1,3,0
‖罪孽深重‖圣,16,1,1,3,0
‖罪孽深重‖靴,16,1,1,3,0
‖罪孽深重‖石,16,1,1,3,0
‖罪孽深重‖盾,16,1,1,3,0
‖万人之上‖盾,16,1,1,3,0
中国航空母舰,16,1,1,3,0
专制‰不服I圣,16,1,1,3,0
专制‰不服I带,16,1,1,3,0
专制‰不服I石,16,1,1,3,0
专制‰不服I靴,16,1,1,3,0
专制‰不服I手,16,1,1,3,0
专制‰不服I镯,16,1,1,3,0
专制‰不服I戒,16,1,1,3,0
专制‰不服I指,16,1,1,3,0
专制‰不服I甲,16,1,1,3,0
专制‰不服I刃,16,1,1,3,0
专制‰不服I盔,16,1,1,3,0
专制‰不服I链,16,1,1,3,0
专制‰不服I盾,16,1,1,3,0
天劫神甲,16,1,1,3,0
天劫神盔,16,1,1,3,0
天劫神手,16,1,1,3,0
天劫神镯,16,1,1,3,0
天劫神戒,16,1,1,3,0
天劫神指,16,1,1,3,0
天劫神链,16,1,1,3,0
天劫神刃,16,1,1,3,0
天劫神带,16,1,1,3,0
天劫神球,16,1,1,3,0
天劫神翼,16,1,1,3,0
天劫神靴,16,1,1,3,0
天劫神石,16,1,1,3,0
蓝魔神戒,16,1,1,3,0
蓝魔神指,16,1,1,3,0
蓝魔神手,16,1,1,3,0
蓝魔神镯,16,1,1,3,0
蓝魔神带,16,1,1,3,0
蓝魔神靴,16,1,1,3,0
蓝魔神石,16,1,1,3,0
蓝魔神球,16,1,1,3,0
蓝魔神刃,16,1,1,3,0
蓝魔神盔,16,1,1,3,0
蓝魔神链,16,1,1,3,0
蓝魔神翼,16,1,1,3,0
蓝魔神甲,16,1,1,3,0
龙鳞伏魔甲,16,1,1,3,0
龙鳞伏魔刃,16,1,1,3,0
龙鳞伏魔镯,16,1,1,3,0
龙鳞伏魔手,16,1,1,3,0
龙鳞伏魔指,16,1,1,3,0
龙鳞伏魔戒,16,1,1,3,0
龙鳞伏魔盔,16,1,1,3,0
龙鳞伏魔链,16,1,1,3,0
龙鳞伏魔翼,16,1,1,3,0
龙鳞伏魔球,16,1,1,3,0
龙鳞伏魔带,16,1,1,3,0
龙鳞伏魔靴,16,1,1,3,0
龙鳞伏魔石,16,1,1,3,0
令天下甲,16,1,1,3,0
令天下斩,16,1,1,3,0
令天下盔,16,1,1,3,0
令天下链,16,1,1,3,0
令天下翼,16,1,1,3,0
令天下手,16,1,1,3,0
令天下镯,16,1,1,3,0
令天下戒,16,1,1,3,0
令天下指,16,1,1,3,0
令天下球,16,1,1,3,0
令天下带,16,1,1,3,0
令天下靴,16,1,1,3,0
令天下石,16,1,1,3,0
双倍攻击宝石,16,1,1,3,0
金钻会员卷,16,1,1,3,0
冥皇‰链,16,1,1,3,0
天刀‰冥皇刃,16,1,1,3,0
蓝魔神斩,16,1,1,3,0
天劫神斩,16,1,1,3,0
龙鳞伏魔斩,16,1,1,3,0
天空暴力★球,16,1,1,3,0
天空暴力★甲,16,1,1,3,0
天空暴力★斩,16,1,1,3,0
天空暴力★盔,16,1,1,3,0
天空暴力★链,16,1,1,3,0
天空暴力★带,16,1,1,3,0
天空暴力★靴,16,1,1,3,0
天空暴力★石,16,1,1,3,0
天空暴力★盾,16,1,1,3,0
天空暴力★手,16,1,1,3,0
天空暴力★镯,16,1,1,3,0
天空暴力★戒,16,1,1,3,0
天空暴力★指,16,1,1,3,0
王者天下★链,16,1,1,3,0
王者天下★甲,16,1,1,3,0
王者天下★斩,16,1,1,3,0
王者天下★盔,16,1,1,3,0
王者天下★手,16,1,1,3,0
王者天下★镯,16,1,1,3,0
王者天下★戒,16,1,1,3,0
王者天下★指,16,1,1,3,0
王者天下★球,16,1,1,3,0
王者天下★带,16,1,1,3,0
王者天下★靴,16,1,1,3,0
王者天下★石,16,1,1,3,0
王者天下★盾,16,1,1,3,0
终极秒杀★链,16,1,1,3,0
终极秒杀★手,16,1,1,3,0
终极秒杀★戒,16,1,1,3,0
终极秒杀★指,16,1,1,3,0
终极秒杀★甲,16,1,1,3,0
终极秒杀★斩,16,1,1,3,0
终极秒杀★盔,16,1,1,3,0
终极秒杀★镯,16,1,1,3,0
终极秒杀★石,16,1,1,3,0
终极秒杀★带,16,1,1,3,0
终极秒杀★靴,16,1,1,3,0
终极秒杀★球,16,1,1,3,0
终极秒杀★盾,16,1,1,3,0
秒杀全服★球,16,1,1,3,0
秒杀全服★带,16,1,1,3,0
秒杀全服★靴,16,1,1,3,0
秒杀全服★石,16,1,1,3,0
秒杀全服★戒,16,1,1,3,0
秒杀全服★指,16,1,1,3,0
秒杀全服★手,16,1,1,3,0
秒杀全服★镯,16,1,1,3,0
秒杀全服★甲,16,1,1,3,0
秒杀全服★斩,16,1,1,3,0
秒杀全服★链,16,1,1,3,0
秒杀全服★盔,16,1,1,3,0
秒杀全服★盾,16,1,1,3,0
无敌防御甲,16,1,1,3,0
无敌秒杀斩,16,1,1,3,0
暴走甲(男),16,1,1,3,0
暴走项链(麻),16,1,1,3,0
暴走项链(护),16,1,1,3,0
暴走宝石,16,1,1,3,0
暴走之靴,16,1,1,3,0
暴走头盔,16,1,1,3,0
暴走左手,16,1,1,3,0
暴走右手,16,1,1,3,0
暴走之盾,16,1,1,3,0
暴走戒指,16,1,1,3,0
暴走之戒,16,1,1,3,0
暴走腰带,16,1,1,3,0
暴走甲(女),16,1,1,3,0
混沌之刃,16,1,1,3,0
暴走之刃,16,1,1,3,0
混沌右手,16,1,1,3,0
死亡之刃,16,1,1,3,0
蜘蛛侠之衣,16,1,1,3,0
死亡宝石,16,1,1,3,0
